000504.800,,,,,00
000533.800,,,,,00
000534.800,,,,,00
000535.800,,,,,00
000537.800,,,,,00
000539.800,,,,,00
000540.800,,,,,00
000541.800,,,,,00
000543.800,,,,,00
000544.800,,,,,00
000545.800,,,,,00
000547.800,,,,,00
000549.800,,,,,00
000550.800,,,,,00
000551.800,,,,,00
000553.800,,,,,00
000554.800,,,,,00
000555.800,,,,,00
000557.800,,,,,00
000559.800,,,,,00
000600.800,,,,,00
000601.800,,,,,00
000607.800,,,,,00
000608.800,,,,,00
000610.800,,,,,00
000611.800,,,,,00
000612.800,,,,,00
000613.800,,,,,00
000614.800,,,,,00
000615.800,,,,,00
000616.800,,,,,00
000617.800,,,,,00
000618.800,,,,,00
000619.800,,,,,00
000620.800,,,,,00
000621.800,,,,,00
000622.800,,,,,00
000623.800,,,,,00
000624.800,,,,,00
000625.800,,,,,00
000626.800,,,,,00
000627.800,,,,,00
000628.800,,,,,00
000629.800,,,,,00
000631.800,,,,,00
000632.800,,,,,00
000633.800,,,,,00
000634.800,,,,,00
000635.800,,,,,00
000636.800,,,,,00
000637.800,,,,,00
000638.800,,,,,00
000639.800,,,,,00
000640.800,,,,,00
000641.800,,,,,00
000642.800,,,,,00
000643.800,,,,,00
000644.800,,,,,00
000645.800,,,,,00
000646.800,,,,,00
000647.800,,,,,00
000648.800,,,,,00
000649.800,,,,,00
000650.800,,,,,00
000652.800,,,,,00
000653.800,,,,,00
000655.800,,,,,00
000720.800,,,,,00
000721.800,,,,,00
000726.800,,,,,00
000727.800,,,,,00
000728.800,,,,,00
000729.800,,,,,00
000730.800,,,,,00
000731.800,,,,,00
000732.800,,,,,00
000733.800,,,,,00
000734.800,,,,,00
000735.800,,,,,00
000736.800,,,,,00
000737.800,,,,,00
000738.800,,,,,00
000739.800,,,,,00
000740.800,,,,,00
000741.800,,,,,00
000742.800,,,,,00
000743.800,,,,,00
000744.800,,,,,00
000745.800,,,,,00
000748.800,,,,,00
000749.800,,,,,00
000750.800,,,,,00
000751.800,,,,,00
000752.800,,,,,00
000753.800,,,,,00
000754.800,,,,,00
000755.800,,,,,00
000756.800,,,,,00
000757.800,,,,,00
000758.800,,,,,00
000759.800,,,,,00
000800.800,,,,,00
000801.800,,,,,00
000802.800,,,,,00
000803.800,,,,,00
000804.800,,,,,00
000805.800,,,,,00
000806.800,,,,,00
000807.800,,,,,00
000810.800,,,,,00
000811.800,,,,,00
000813.800,,,,,00
000838.799,,,,,00
000839.799,,,,,00
000845.799,,,,,00
000846.799,,,,,00
000847.799,,,,,00
000848.799,,,,,00
000849.799,,,,,00
000850.799,,,,,00
000851.799,,,,,00
000852.799,,,,,00
000853.799,,,,,00
000854.799,,,,,00
000855.799,,,,,00
000856.799,,,,,00
000857.799,,,,,00
000858.799,,,,,00
000859.799,,,,,00
000900.799,,,,,00
000901.799,,,,,00
000902.799,,,,,00
000903.799,,,,,00
000904.799,,,,,00
000908.799,,,,,00
000909.799,,,,,00
000910.799,,,,,00
000911.799,,,,,00
000912.799,,,,,00
000913.799,,,,,00
000914.799,,,,,00
000915.799,,,,,00
000916.799,,,,,00
000917.799,,,,,00
000918.799,,,,,00
000919.799,,,,,00
000920.799,,,,,00
000921.799,,,,,00
000922.799,,,,,00
000923.799,,,,,00
000924.799,,,,,00
000925.799,,,,,00
000926.799,,,,,00
000927.799,,,,,00
000931.799,,,,,00
000932.799,,,,,00
000934.799,,,,,00
000959.799,,,,,00
001000.799,,,,,00
001007.799,,,,,00
001008.799,,,,,00
001009.799,,,,,00
001010.799,,,,,00
001011.799,,,,,00
001012.799,,,,,00
001013.799,,,,,00
001014.799,,,,,00
001015.799,,,,,00
001016.799,,,,,00
001017.799,,,,,00
001018.799,,,,,00
001019.799,,,,,00
001020.799,,,,,00
001021.799,,,,,00
001022.799,,,,,00
001023.799,,,,,00
001024.799,,,,,00
001025.799,,,,,00
001026.799,,,,,00
001031.799,,,,,00
001032.799,,,,,00
001033.799,,,,,00
001034.799,,,,,00
001035.799,,,,,00
001036.799,,,,,00
001037.799,,,,,00
001038.799,,,,,00
001039.799,,,,,00
001040.799,,,,,00
001041.799,,,,,00
001042.799,,,,,00
001043.799,,,,,00
001044.799,,,,,00
001045.799,,,,,00
001046.799,,,,,00
001047.799,,,,,00
001048.799,,,,,00
001049.799,,,,,00
001050.799,,,,,00
001055.799,,,,,00
001056.799,,,,,00
001058.799,,,,,00
001123.799,,,,,00
001124.799,,,,,00
001132.799,,,,,00
001133.799,,,,,00
001134.799,,,,,00
001135.799,,,,,00
001136.799,,,,,00
001137.799,,,,,00
001138.799,,,,,00
001139.799,,,,,00
001140.799,,,,,00
001141.799,,,,,00
001142.799,,,,,00
001143.799,,,,,00
001144.799,,,,,00
001145.799,,,,,00
001146.799,,,,,00
001147.799,,,,,00
001148.799,,,,,00
001149.799,,,,,00
001150.799,,,,,00
001151.799,,,,,00
001157.799,,,,,00
001158.799,,,,,00
001159.799,,,,,00
001200.799,,,,,00
001201.799,,,,,00
001202.799,,,,,00
001203.799,,,,,00
001204.799,,,,,00
001205.799,,,,,00
001206.799,,,,,00
001207.799,,,,,00
001208.799,,,,,00
001209.799,,,,,00
001210.799,,,,,00
001211.799,,,,,00
001212.799,,,,,00
001213.799,,,,,00
001214.799,,,,,00
001215.799,,,,,00
001216.799,,,,,00
001222.799,,,,,00
001223.799,,,,,00
001225.799,,,,,00
001250.799,,,,,00
001251.799,,,,,00
001300.799,,,,,00
001301.799,,,,,00
001303.799,,,,,00
001328.799,,,,,00
001329.799,,,,,00
001339.799,,,,,00
001340.799,,,,,00
001342.799,,,,,00
001407.799,,,,,00
001408.799,,,,,00
001419.799,,,,,00
001420.799,,,,,00
001421.799,,,,,00
001422.799,,,,,00
001447.799,,,,,00
001448.799,,,,,00
000300.800,,,,,00
000301.800,,,,,00
000329.800,,,,,00
000331.800,,,,,00
000333.800,,,,,00
000334.800,,,,,00
000335.800,,,,,00
000337.800,,,,,00
000339.800,,,,,00
000340.800,,,,,00
000341.800,,,,,00
000343.800,,,,,00
000344.800,,,,,00
000345.800,,,,,00
000347.800,,,,,00
000349.800,,,,,00
000350.800,,,,,00
000351.800,,,,,00
000353.800,,,,,00
000354.800,,,,,00
000355.800,,,,,00
000357.800,,,,,00
000403.800,,,,,00
000404.800,,,,,00
000406.800,,,,,00
000407.800,,,,,00
000408.800,,,,,00
000409.800,,,,,00
000410.800,,,,,00
000411.800,,,,,00
000412.800,,,,,00
000413.800,,,,,00
000414.800,,,,,00
000415.800,,,,,00
000416.800,,,,,00
000417.800,,,,,00
000418.800,,,,,00
000419.800,,,,,00
000420.800,,,,,00
000421.800,,,,,00
000422.800,,,,,00
000423.800,,,,,00
000424.800,,,,,00
000425.800,,,,,00
000427.800,,,,,00
000428.800,,,,,00
000429.800,,,,,00
000430.800,,,,,00
000431.800,,,,,00
000432.800,,,,,00
000433.800,,,,,00
000434.800,,,,,00
000435.800,,,,,00
000436.800,,,,,00
000437.800,,,,,00
000438.800,,,,,00
000439.800,,,,,00
000440.800,,,,,00
000441.800,,,,,00
000442.800,,,,,00
000443.800,,,,,00
000444.800,,,,,00
000445.800,,,,,00
000446.800,,,,,00
000448.800,,,,,00
000449.800,,,,,00
000451.800,,,,,00
203949.098,,,,,00
203950.098,,,,,00
203955.090,,,,,00
203956.090,,,,,00
203957.090,,,,,00
203958.090,,,,,00
203959.090,,,,,00
204000.090,,,,,00
204001.090,,,,,00
204002.090,,,,,00
204003.090,,,,,00
204004.090,,,,,00
204005.090,,,,,00
204006.089,,,,,00
204007.089,,,,,00
204008.089,,,,,00
204009.089,,,,,00
204010.089,,,,,00
204011.089,,,,,00
204012.089,,,,,00
204013.089,,,,,00
204014.089,,,,,00
204017.089,,,,,00
204018.089,,,,,00
204019.089,,,,,00
204020.089,,,,,00
204021.089,,,,,00
204022.089,,,,,00
204023.089,,,,,00
204024.089,,,,,00
204025.089,,,,,00
204026.089,,,,,00
204027.089,,,,,00
204028.089,,,,,00
204029.089,,,,,00
204030.089,,,,,00
204031.089,,,,,00
204032.089,,,,,00
204033.089,,,,,00
204034.089,,,,,00
204035.089,,,,,00
204036.089,,,,,00
204039.089,,,,,00
204040.089,,,,,00
204041.089,,,,,00
204042.089,,,,,00
204107.089,,,,,00
204108.089,,,,,00
204114.089,,,,,00
204115.089,,,,,00
204116.089,,,,,00
204117.089,,,,,00
204118.089,,,,,00
204119.089,,,,,00
204120.089,,,,,00
204121.089,,,,,00
204122.089,,,,,00
204123.089,,,,,00
204124.089,,,,,00
204125.089,,,,,00
204126.089,,,,,00
204127.089,,,,,00
204128.089,,,,,00
204129.089,,,,,00
204130.089,,,,,00
204131.089,,,,,00
204132.089,,,,,00
204133.089,,,,,00
204137.089,,,,,00
204138.089,,,,,00
204139.089,,,,,00
204140.089,,,,,00
204141.089,,,,,00
204142.089,,,,,00
204143.089,,,,,00
204144.089,,,,,00
204145.089,,,,,00
204146.089,,,,,00
204147.089,,,,,00
204148.089,,,,,00
204149.089,,,,,00
204150.089,,,,,00
204151.089,,,,,00
204152.089,,,,,00
204153.089,,,,,00
204154.089,,,,,00
204155.089,,,,,00
204156.089,,,,,00
204200.089,,,,,00
204201.089,,,,,00
204203.089,,,,,00
204228.086,,,,,00
204229.086,,,,,00
204236.086,,,,,00
204237.086,,,,,00
204238.086,,,,,00
204239.086,,,,,00
204240.086,,,,,00
204241.086,,,,,00
204242.086,,,,,00
204243.086,,,,,00
204244.086,,,,,00
204245.086,,,,,00
204246.086,,,,,00
204247.086,,,,,00
204248.086,,,,,00
204249.086,,,,,00
204250.086,,,,,00
204251.086,,,,,00
204252.086,,,,,00
204253.086,,,,,00
204254.086,,,,,00
204255.086,,,,,00
204300.086,,,,,00
204301.086,,,,,00
204302.086,,,,,00
204303.086,,,,,00
204304.086,,,,,00
204305.086,,,,,00
204306.086,,,,,00
204307.086,,,,,00
204308.086,,,,,00
204309.086,,,,,00
204310.086,,,,,00
204311.086,,,,,00
204312.086,,,,,00
204313.086,,,,,00
204314.086,,,,,00
204315.086,,,,,00
204316.086,,,,,00
204317.086,,,,,00
204318.086,,,,,00
204319.086,,,,,00
204324.086,,,,,00
204325.086,,,,,00
204326.086,,,,,00
204327.086,,,,,00
204352.086,,,,,00
204353.086,,,,,00
204401.086,,,,,00
204402.086,,,,,00
204403.086,,,,,00
204404.086,,,,,00
204405.086,,,,,00
204406.086,,,,,00
204407.086,,,,,00
204408.086,,,,,00
204409.086,,,,,00
204410.086,,,,,00
204411.086,,,,,00
204412.086,,,,,00
204413.086,,,,,00
204414.086,,,,,00
204415.086,,,,,00
204416.086,,,,,00
204417.086,,,,,00
204418.086,,,,,00
204419.086,,,,,00
204420.086,,,,,00
204426.086,,,,,00
204427.086,,,,,00
204428.086,,,,,00
204429.086,,,,,00
204430.086,,,,,00
204431.086,,,,,00
204432.086,,,,,00
204433.086,,,,,00
204434.086,,,,,00
204435.086,,,,,00
204436.086,,,,,00
204437.086,,,,,00
204438.086,,,,,00
204439.086,,,,,00
204440.086,,,,,00
204441.086,,,,,00
204442.086,,,,,00
204443.086,,,,,00
204444.086,,,,,00
204445.086,,,,,00
204451.086,,,,,00
204452.086,,,,,00
204454.086,,,,,00
204519.086,,,,,00
204520.086,,,,,00
204529.086,,,,,00
204530.086,,,,,00
204531.086,,,,,00
204532.086,,,,,00
204557.086,,,,,00
204558.086,,,,,00
204608.086,,,,,00
204609.086,,,,,00
204611.086,,,,,00
204636.086,,,,,00
204637.086,,,,,00
204648.086,,,,,00
204649.086,,,,,00
204651.086,,,,,00
204716.086,,,,,00
204717.086,,,,,00
