210350.098,,,,,00
210351.098,,,,,00
210511.000,3959.0915,10459.8725,1612.4,-21.0,09
210512.000,3959.0915,10459.8725,1612.4,-21.0,09
210515.000,3959.0916,10459.8725,1612.5,-21.0,09
210516.000,3959.0916,10459.8725,1612.6,-21.0,09
210522.000,3959.0916,10459.8726,1612.6,-21.0,09
210523.000,3959.0917,10459.8727,1612.6,-21.0,09
210524.000,3959.0917,10459.8727,1612.6,-21.0,09
210525.000,3959.0917,10459.8727,1612.7,-21.0,09
210526.000,3959.0917,10459.8727,1612.7,-21.0,09
210527.000,3959.0917,10459.8727,1612.7,-21.0,09
210528.000,3959.0917,10459.8727,1612.7,-21.0,09
210529.000,3959.0917,10459.8727,1612.7,-21.0,09
210530.000,3959.0917,10459.8727,1612.7,-21.0,09
210531.000,3959.0917,10459.8727,1612.7,-21.0,10
210532.000,3959.0918,10459.8727,1612.6,-21.0,10
210533.000,3959.0918,10459.8727,1612.6,-21.0,10
210534.000,3959.0918,10459.8727,1612.5,-21.0,10
210535.000,3959.0919,10459.8727,1612.5,-21.0,10
210536.000,3959.0919,10459.8727,1612.5,-21.0,10
210537.000,3959.0919,10459.8726,1612.4,-21.0,10
210538.000,3959.0919,10459.8726,1612.4,-21.0,10
210539.000,3959.0920,10459.8726,1612.4,-21.0,10
210540.000,3959.0920,10459.8726,1612.4,-21.0,10
210541.000,3959.0920,10459.8726,1612.3,-21.0,10
210542.000,3959.0920,10459.8726,1612.2,-21.0,10
210543.000,3959.0920,10459.8726,1612.1,-21.0,10
210544.000,3959.0920,10459.8726,1612.1,-21.0,10
210545.000,3959.0920,10459.8726,1612.0,-21.0,10
210546.000,3959.0920,10459.8726,1611.9,-21.0,10
210547.000,3959.0920,10459.8726,1611.9,-21.0,10
210548.000,3959.0920,10459.8725,1611.9,-21.0,10
210549.000,3959.0920,10459.8725,1611.9,-21.0,10
210550.000,3959.0920,10459.8725,1611.9,-21.0,10
210551.000,3959.0920,10459.8725,1611.9,-21.0,10
210552.000,3959.0920,10459.8725,1611.9,-21.0,10
210553.000,3959.0920,10459.8725,1611.9,-21.0,10
210554.000,3959.0920,10459.8725,1611.8,-21.0,10
210555.000,3959.0920,10459.8725,1611.8,-21.0,10
210556.000,3959.0920,10459.8725,1611.7,-21.0,10
210557.000,3959.0920,10459.8725,1611.6,-21.0,10
210558.000,3959.0920,10459.8725,1611.6,-21.0,10
210559.000,3959.0920,10459.8724,1611.7,-21.0,10
210600.000,3959.0920,10459.8724,1611.7,-21.0,10
210601.000,3959.0920,10459.8724,1611.7,-21.0,10
210602.000,3959.0920,10459.8724,1611.7,-21.0,10
210603.000,3959.0920,10459.8723,1611.8,-21.0,10
210604.000,3959.0920,10459.8723,1611.8,-21.0,10
210605.000,3959.0920,10459.8723,1611.8,-21.0,10
210606.000,3959.0920,10459.8723,1611.7,-21.0,10
210607.000,3959.0920,10459.8723,1611.7,-21.0,10
210608.000,3959.0920,10459.8723,1611.6,-21.0,10
210609.000,3959.0920,10459.8723,1611.6,-21.0,10
210610.000,3959.0920,10459.8724,1611.6,-21.0,10
210611.000,3959.0920,10459.8724,1611.6,-21.0,10
210612.000,3959.0921,10459.8724,1611.6,-21.0,10
210613.000,3959.0921,10459.8724,1611.5,-21.0,10
210614.000,3959.0921,10459.8724,1611.5,-21.0,10
210615.000,3959.0921,10459.8724,1611.6,-21.0,10
210616.000,3959.0921,10459.8724,1611.5,-21.0,10
210617.000,3959.0921,10459.8724,1611.5,-21.0,10
210618.000,3959.0921,10459.8724,1611.4,-21.0,10
210619.000,3959.0921,10459.8724,1611.4,-21.0,10
210620.000,3959.0921,10459.8724,1611.3,-21.0,10
210621.000,3959.0921,10459.8724,1611.1,-21.0,10
210622.000,3959.0921,10459.8724,1611.1,-21.0,10
210623.000,3959.0921,10459.8724,1611.0,-21.0,10
210624.000,3959.0921,10459.8724,1611.0,-21.0,10
210625.000,3959.0921,10459.8723,1611.0,-21.0,10
210626.000,3959.0921,10459.8723,1611.0,-21.0,10
210627.000,3959.0921,10459.8723,1611.0,-21.0,10
210628.000,3959.0921,10459.8723,1611.0,-21.0,10
210629.000,3959.0921,10459.8723,1610.9,-21.0,10
210630.000,3959.0921,10459.8724,1610.9,-21.0,10
210631.000,3959.0921,10459.8724,1610.9,-21.0,10
210632.000,3959.0921,10459.8724,1610.9,-21.0,10
210633.000,3959.0921,10459.8724,1610.8,-21.0,10
210634.000,3959.0921,10459.8724,1610.8,-21.0,10
210635.000,3959.0921,10459.8724,1610.8,-21.0,10
210636.000,3959.0921,10459.8724,1610.8,-21.0,10
210637.000,3959.0922,10459.8724,1610.8,-21.0,10
210638.000,3959.0922,10459.8724,1610.9,-21.0,10
210639.000,3959.0921,10459.8724,1610.9,-21.0,10
210640.000,3959.0921,10459.8724,1610.9,-21.0,10
210641.000,3959.0921,10459.8724,1610.9,-21.0,10
210642.000,3959.0921,10459.8725,1610.8,-21.0,10
210643.000,3959.0921,10459.8725,1610.8,-21.0,10
210644.000,3959.0920,10459.8725,1610.8,-21.0,10
210645.000,3959.0920,10459.8725,1610.8,-21.0,10
210646.000,3959.0920,10459.8725,1610.8,-21.0,10
210647.000,3959.0920,10459.8725,1610.8,-21.0,10
210648.000,3959.0920,10459.8725,1610.8,-21.0,10
210649.000,3959.0920,10459.8725,1610.8,-21.0,10
210650.000,3959.0920,10459.8725,1610.9,-21.0,10
210651.000,3959.0920,10459.8725,1610.8,-21.0,10
210652.000,3959.0920,10459.8725,1610.8,-21.0,10
210653.000,3959.0919,10459.8725,1610.8,-21.0,10
210654.000,3959.0919,10459.8725,1610.8,-21.0,10
210655.000,3959.0919,10459.8725,1610.7,-21.0,10
210656.000,3959.0919,10459.8725,1610.7,-21.0,10
210657.000,3959.0919,10459.8725,1610.7,-21.0,10
210658.000,3959.0919,10459.8725,1610.7,-21.0,10
210659.000,3959.0919,10459.8725,1610.7,-21.0,10
210700.000,3959.0919,10459.8724,1610.7,-21.0,10
210701.000,3959.0919,10459.8724,1610.7,-21.0,10
210702.000,3959.0919,10459.8724,1610.7,-21.0,10
210703.000,3959.0919,10459.8724,1610.7,-21.0,10
210704.000,3959.0919,10459.8724,1610.8,-21.0,10
210705.000,3959.0919,10459.8724,1610.8,-21.0,10
210706.000,3959.0918,10459.8723,1610.9,-21.0,10
210707.000,3959.0917,10459.8722,1611.0,-21.0,10
210708.000,3959.0917,10459.8721,1611.0,-21.0,10
210709.000,3959.0919,10459.8721,1611.7,-21.0,10
210710.000,3959.0918,10459.8720,1612.0,-21.0,10
210711.000,3959.0916,10459.8719,1612.3,-21.0,10
210712.000,3959.0915,10459.8718,1612.5,-21.0,10
210713.000,3959.0913,10459.8718,1612.8,-21.0,10
210714.000,3959.0911,10459.8717,1613.0,-21.0,10
210715.000,3959.0908,10459.8715,1613.3,-21.0,10
210716.000,3959.0904,10459.8713,1613.6,-21.0,10
210717.000,3959.0899,10459.8711,1614.0,-21.0,10
210718.000,3959.0894,10459.8710,1614.8,-21.0,10
210719.000,3959.0890,10459.8709,1616.0,-21.0,10
210720.000,3959.0887,10459.8709,1617.3,-21.0,10
210721.000,3959.0883,10459.8710,1618.8,-21.0,10
210722.000,3959.0880,10459.8711,1620.0,-21.0,10
210723.000,3959.0877,10459.8712,1620.6,-21.0,10
210724.000,3959.0874,10459.8714,1622.3,-21.0,10
210725.000,3959.0870,10459.8716,1624.0,-21.0,10
210726.000,3959.0867,10459.8717,1625.9,-21.0,10
210727.000,3959.0863,10459.8717,1627.6,-21.0,10
210728.000,3959.0858,10459.8717,1629.6,-21.0,10
210729.000,3959.0852,10459.8716,1631.6,-21.0,10
210730.000,3959.0848,10459.8717,1634.1,-21.0,10
210731.000,3959.0845,10459.8718,1636.7,-21.0,10
210732.000,3959.0841,10459.8718,1639.4,-21.0,10
210733.000,3959.0832,10459.8715,1642.0,-21.0,10
210734.000,3959.0823,10459.8711,1644.7,-21.0,10
210735.000,3959.0814,10459.8706,1647.3,-21.0,10
210736.000,3959.0805,10459.8703,1650.3,-21.0,10
210737.000,3959.0798,10459.8701,1653.4,-21.0,10
210738.000,3959.0790,10459.8700,1656.4,-21.0,10
210739.000,3959.0783,10459.8697,1659.2,-21.0,10
210740.000,3959.0785,10459.8698,1664.6,-21.0,10
210741.000,3959.0786,10459.8698,1669.0,-21.0,10
210742.000,3959.0785,10459.8700,1673.6,-21.0,10
210743.000,3959.0784,10459.8701,1677.9,-21.0,10
210926.000,3959.0846,10459.8752,1682.2,-21.0,10
210927.000,3959.0846,10459.8752,1682.2,-21.0,10
210936.000,3959.0850,10459.8749,1682.7,-21.0,10
210937.000,3959.0851,10459.8749,1682.9,-21.0,10
210938.000,3959.0853,10459.8748,1683.1,-21.0,10
211121.000,3959.0899,10459.8734,1669.9,-21.0,10
211122.000,3959.0899,10459.8734,1669.9,-21.0,10
211131.000,3959.0899,10459.8734,1669.9,-21.0,10
211132.000,3959.0899,10459.8734,1669.9,-21.0,10
211133.000,3959.0899,10459.8734,1669.9,-21.0,10
211134.000,3959.0899,10459.8734,1669.9,-21.0,10
211135.000,3959.0899,10459.8734,1669.9,-21.0,10
211136.000,3959.0899,10459.8734,1669.9,-21.0,10
211137.000,3959.0899,10459.8734,1669.9,-21.0,10
211138.000,3959.0899,10459.8734,1669.9,-21.0,10
211139.000,3959.0899,10459.8734,1669.9,-21.0,10
211140.000,3959.0899,10459.8734,1669.9,-21.0,10
211141.000,3959.0899,10459.8734,1669.9,-21.0,10
211142.000,3959.0899,10459.8734,1669.9,-21.0,10
211143.000,3959.0899,10459.8734,1669.9,-21.0,10
211144.000,3959.0899,10459.8734,1669.9,-21.0,10
211145.000,3959.0899,10459.8734,1669.9,-21.0,10
211146.000,3959.0899,10459.8734,1669.9,-21.0,10
211147.000,3959.0899,10459.8734,1669.9,-21.0,10
211148.000,3959.0899,10459.8734,1669.9,-21.0,10
211149.000,3959.0899,10459.8734,1669.9,-21.0,10
211150.000,3959.0899,10459.8734,1669.9,-21.0,10
211151.000,3959.0899,10459.8734,1669.9,-21.0,10
211152.000,3959.0899,10459.8734,1669.9,-21.0,10
211153.000,3959.0899,10459.8734,1669.9,-21.0,10
211154.000,3959.0899,10459.8734,1669.9,-21.0,10
211155.000,3959.0899,10459.8734,1669.9,-21.0,10
211156.000,3959.0899,10459.8734,1669.8,-21.0,10
211157.000,3959.0899,10459.8734,1669.8,-21.0,10
211158.000,3959.0899,10459.8734,1669.8,-21.0,10
211159.000,3959.0899,10459.8734,1669.8,-21.0,10
211200.000,3959.0899,10459.8734,1669.8,-21.0,10
211201.000,3959.0899,10459.8734,1669.8,-21.0,10
211202.000,3959.0899,10459.8734,1669.8,-21.0,10
211203.000,3959.0899,10459.8734,1669.8,-21.0,10
211204.000,3959.0899,10459.8734,1669.8,-21.0,10
211205.000,3959.0899,10459.8734,1669.8,-21.0,10
211206.000,3959.0899,10459.8734,1669.8,-21.0,10
211207.000,3959.0899,10459.8734,1669.8,-21.0,10
211208.000,3959.0899,10459.8734,1669.8,-21.0,10
211209.000,3959.0899,10459.8734,1669.8,-21.0,10
211210.000,3959.0899,10459.8734,1669.8,-21.0,10
211211.000,3959.0899,10459.8734,1669.8,-21.0,10
211212.000,3959.0899,10459.8734,1669.8,-21.0,10
211213.000,3959.0899,10459.8734,1669.8,-21.0,10
211214.000,3959.0899,10459.8734,1669.8,-21.0,10
211215.000,3959.0899,10459.8734,1669.8,-21.0,10
211216.000,3959.0899,10459.8734,1669.8,-21.0,10
211217.000,3959.0899,10459.8734,1669.8,-21.0,10
211218.000,3959.0899,10459.8734,1669.8,-21.0,10
211219.000,3959.0899,10459.8734,1669.8,-21.0,10
211220.000,3959.0899,10459.8734,1669.8,-21.0,10
211221.000,3959.0899,10459.8734,1669.8,-21.0,10
211222.000,3959.0899,10459.8734,1669.8,-21.0,10
211223.000,3959.0899,10459.8734,1669.8,-21.0,10
211224.000,3959.0899,10459.8734,1669.8,-21.0,10
211225.000,3959.0899,10459.8734,1669.8,-21.0,10
211226.000,3959.0899,10459.8734,1669.8,-21.0,10
211227.000,3959.0900,10459.8734,1669.7,-21.0,10
211228.000,3959.0900,10459.8734,1669.7,-21.0,10
211229.000,3959.0904,10459.8735,1669.4,-21.0,10
211230.000,3959.0909,10459.8736,1669.0,-21.0,10
211231.000,3959.0914,10459.8737,1668.5,-21.0,10
211232.000,3959.0917,10459.8737,1667.6,-21.0,10
211233.000,3959.0920,10459.8738,1666.4,-21.0,10
211234.000,3959.0922,10459.8738,1665.1,-21.0,10
211235.000,3959.0925,10459.8741,1665.6,-21.0,10
211236.000,3959.0927,10459.8742,1665.5,-21.0,10
211237.000,3959.0929,10459.8742,1665.5,-21.0,10
211238.000,3959.0930,10459.8741,1665.5,-21.0,10
211239.000,3959.0930,10459.8739,1665.4,-21.0,10
211240.000,3959.0931,10459.8738,1665.4,-21.0,10
211241.000,3959.0931,10459.8737,1665.3,-21.0,10
211242.000,3959.0932,10459.8736,1665.2,-21.0,10
211243.000,3959.0932,10459.8735,1665.1,-21.0,10
211244.000,3959.0929,10459.8734,1664.7,-21.0,10
211245.000,3959.0928,10459.8732,1664.4,-21.0,10
211246.000,3959.0926,10459.8732,1664.0,-21.0,10
211247.000,3959.0923,10459.8732,1663.7,-21.0,10
211248.000,3959.0922,10459.8732,1663.3,-21.0,10
211249.000,3959.0920,10459.8732,1663.0,-21.0,10
211250.000,3959.0918,10459.8732,1662.7,-21.0,10
211251.000,3959.0917,10459.8732,1662.4,-21.0,10
211252.000,3959.0917,10459.8732,1662.4,-21.0,10
211253.000,3959.0917,10459.8732,1662.3,-21.0,10
211436.000,3959.0912,10459.8729,1646.5,-21.0,11
211437.000,3959.0911,10459.8730,1645.4,-21.0,11
211446.000,3959.0910,10459.8732,1633.8,-21.0,11
211447.000,3959.0909,10459.8731,1632.8,-21.0,11
211448.000,3959.0907,10459.8731,1632.4,-21.0,11
211631.000,3959.0918,10459.8744,1613.2,-21.0,11
211632.000,3959.0919,10459.8744,1612.9,-21.0,11
211910.303,,,,,00
211911.303,,,,,00
212032.000,3959.0917,10459.8857,1611.9,-21.0,10
212035.000,3959.0917,10459.8857,1611.9,-21.0,10
212036.000,3959.0917,10459.8857,1611.9,-21.0,10
212041.000,3959.0917,10459.8857,1611.9,-21.0,10
212042.000,3959.0917,10459.8857,1611.9,-21.0,10
212044.000,3959.0917,10459.8857,1611.9,-21.0,10
212045.000,3959.0917,10459.8857,1611.9,-21.0,10
212046.000,3959.0917,10459.8857,1611.9,-21.0,10
212047.000,3959.0917,10459.8857,1611.9,-21.0,10
212048.000,3959.0917,10459.8857,1611.9,-21.0,10
212049.000,3959.0917,10459.8857,1611.9,-21.0,10
212050.000,3959.0917,10459.8857,1611.9,-21.0,10
212051.000,3959.0917,10459.8856,1611.9,-21.0,10
212052.000,3959.0917,10459.8856,1611.9,-21.0,10
212053.000,3959.0917,10459.8856,1611.9,-21.0,10
212054.000,3959.0917,10459.8856,1611.9,-21.0,10
212055.000,3959.0917,10459.8856,1611.9,-21.0,10
212056.000,3959.0917,10459.8856,1611.9,-21.0,10
212057.000,3959.0917,10459.8856,1611.9,-21.0,10
212058.000,3959.0917,10459.8856,1611.9,-21.0,10
212059.000,3959.0917,10459.8856,1611.9,-21.0,10
212100.000,3959.0917,10459.8856,1611.9,-21.0,10
212101.000,3959.0917,10459.8856,1611.9,-21.0,10
212102.000,3959.0917,10459.8856,1611.9,-21.0,10
212103.000,3959.0917,10459.8856,1611.9,-21.0,09
212104.000,3959.0917,10459.8856,1611.9,-21.0,10
212105.000,3959.0917,10459.8856,1611.9,-21.0,09
212106.000,3959.0917,10459.8856,1611.9,-21.0,10
212107.000,3959.0917,10459.8856,1611.9,-21.0,10
212108.000,3959.0917,10459.8856,1611.9,-21.0,10
212109.000,3959.0917,10459.8856,1611.9,-21.0,10
212110.000,3959.0917,10459.8856,1611.9,-21.0,10
212111.000,3959.0917,10459.8856,1611.9,-21.0,10
212112.000,3959.0917,10459.8856,1611.9,-21.0,10
212113.000,3959.0917,10459.8856,1611.9,-21.0,10
212114.000,3959.0917,10459.8856,1611.9,-21.0,10
212115.000,3959.0917,10459.8856,1611.9,-21.0,10
212116.000,3959.0917,10459.8856,1611.9,-21.0,10
212117.000,3959.0917,10459.8856,1611.9,-21.0,10
212118.000,3959.0917,10459.8856,1611.9,-21.0,10
212119.000,3959.0917,10459.8856,1611.9,-21.0,10
212120.000,3959.0917,10459.8856,1611.9,-21.0,10
212121.000,3959.0917,10459.8856,1611.9,-21.0,10
212122.000,3959.0917,10459.8856,1611.9,-21.0,10
212123.000,3959.0917,10459.8856,1611.9,-21.0,10
212124.000,3959.0917,10459.8856,1611.9,-21.0,10
212125.000,3959.0917,10459.8856,1611.9,-21.0,10
212126.000,3959.0917,10459.8856,1611.9,-21.0,10
212127.000,3959.0917,10459.8856,1611.9,-21.0,10
212128.000,3959.0917,10459.8856,1611.9,-21.0,10
212129.000,3959.0917,10459.8856,1611.9,-21.0,10
212130.000,3959.0917,10459.8856,1611.9,-21.0,10
212131.000,3959.0917,10459.8856,1611.9,-21.0,10
212132.000,3959.0917,10459.8856,1611.9,-21.0,10
212133.000,3959.0917,10459.8856,1611.9,-21.0,10
212134.000,3959.0917,10459.8856,1611.9,-21.0,10
212135.000,3959.0917,10459.8856,1611.9,-21.0,10
212136.000,3959.0917,10459.8856,1611.9,-21.0,10
212137.000,3959.0917,10459.8856,1611.9,-21.0,10
212138.000,3959.0917,10459.8856,1611.9,-21.0,10
212139.000,3959.0917,10459.8856,1611.9,-21.0,10
212140.000,3959.0917,10459.8857,1611.9,-21.0,10
212141.000,3959.0913,10459.8853,1612.2,-21.0,10
212142.000,3959.0910,10459.8849,1613.0,-21.0,10
212143.000,3959.0910,10459.8848,1614.9,-21.0,10
212144.000,3959.0910,10459.8847,1616.8,-21.0,10
212145.000,3959.0910,10459.8847,1618.9,-21.0,10
212146.000,3959.0911,10459.8848,1621.0,-21.0,10
212147.000,3959.0911,10459.8848,1623.4,-21.0,10
212148.000,3959.0912,10459.8849,1626.0,-21.0,10
212149.000,3959.0912,10459.8849,1628.9,-21.0,10
212150.000,3959.0912,10459.8850,1632.1,-21.0,10
212151.000,3959.0912,10459.8850,1635.5,-21.0,10
212152.000,3959.0911,10459.8851,1638.5,-21.0,10
212153.000,3959.0910,10459.8850,1641.4,-21.0,10
212154.000,3959.0910,10459.8850,1644.1,-21.0,10
212155.000,3959.0910,10459.8849,1646.9,-21.0,10
212156.000,3959.0910,10459.8849,1650.0,-21.0,10
212157.000,3959.0911,10459.8850,1653.5,-21.0,10
212158.000,3959.0911,10459.8851,1657.2,-21.0,10
212159.000,3959.0910,10459.8852,1660.9,-21.0,10
212200.000,3959.0910,10459.8852,1664.6,-21.0,10
212201.000,3959.0909,10459.8852,1668.3,-21.0,10
212202.000,3959.0908,10459.8851,1672.0,-21.0,10
212345.000,3959.0921,10459.8855,1693.0,-21.0,10
212346.000,3959.0922,10459.8856,1693.1,-21.0,10
212355.000,3959.0925,10459.8857,1693.8,-21.0,10
212356.000,3959.0926,10459.8858,1693.9,-21.0,10
212357.000,3959.0926,10459.8858,1694.0,-21.0,10
212358.000,3959.0926,10459.8857,1694.0,-21.0,10
212359.000,3959.0926,10459.8856,1694.2,-21.0,10
212400.000,3959.0926,10459.8855,1694.2,-21.0,10
212401.000,3959.0926,10459.8855,1694.3,-21.0,10
212402.000,3959.0926,10459.8856,1694.4,-21.0,10
212403.000,3959.0926,10459.8857,1694.5,-21.0,10
212404.000,3959.0927,10459.8858,1694.6,-21.0,10
212405.000,3959.0927,10459.8858,1694.6,-21.0,10
212406.000,3959.0927,10459.8857,1694.7,-21.0,10
212407.000,3959.0927,10459.8856,1694.8,-21.0,10
212408.000,3959.0927,10459.8855,1694.9,-21.0,10
212409.000,3959.0927,10459.8855,1695.0,-21.0,10
212410.000,3959.0927,10459.8855,1695.1,-21.0,10
212411.000,3959.0927,10459.8855,1695.2,-21.0,10
212412.000,3959.0927,10459.8856,1695.3,-21.0,10
212413.000,3959.0927,10459.8856,1695.3,-21.0,10
212414.000,3959.0926,10459.8856,1695.4,-21.0,10
212415.000,3959.0926,10459.8856,1695.4,-21.0,10
212416.000,3959.0926,10459.8856,1695.5,-21.0,10
212417.000,3959.0926,10459.8857,1695.5,-21.0,10
212418.000,3959.0926,10459.8858,1695.6,-21.0,10
212419.000,3959.0927,10459.8858,1695.7,-21.0,10
212420.000,3959.0927,10459.8858,1695.7,-21.0,10
212421.000,3959.0927,10459.8857,1695.8,-21.0,10
212422.000,3959.0927,10459.8858,1695.9,-21.0,10
212423.000,3959.0927,10459.8858,1696.0,-21.0,10
212424.000,3959.0927,10459.8859,1696.0,-21.0,10
212425.000,3959.0928,10459.8859,1696.0,-21.0,10
212426.000,3959.0930,10459.8856,1696.1,-21.0,10
212427.000,3959.0932,10459.8853,1696.0,-21.0,10
212428.000,3959.0930,10459.8852,1694.9,-21.0,10
212429.000,3959.0927,10459.8852,1693.8,-21.0,10
212430.000,3959.0924,10459.8853,1692.5,-21.0,10
212431.000,3959.0923,10459.8855,1691.1,-21.0,10
212432.000,3959.0922,10459.8857,1689.5,-21.0,10
212433.000,3959.0921,10459.8859,1687.7,-21.0,10
212434.000,3959.0921,10459.8859,1685.6,-21.0,10
212435.000,3959.0920,10459.8859,1683.4,-21.0,10
212436.000,3959.0919,10459.8860,1681.1,-21.0,10
212619.000,3959.0922,10459.8862,1672.0,-21.0,10
212620.000,3959.0922,10459.8862,1672.0,-21.0,10
212629.000,3959.0921,10459.8865,1663.8,-21.0,11
212630.000,3959.0919,10459.8867,1661.6,-21.0,11
212631.000,3959.0918,10459.8865,1659.5,-21.0,11
212632.000,3959.0918,10459.8863,1657.7,-21.0,11
212815.000,3959.0921,10459.8862,1646.8,-21.0,11
212816.000,3959.0921,10459.8862,1646.8,-21.0,11
212825.000,3959.0920,10459.8861,1646.7,-21.0,11
212826.000,3959.0921,10459.8861,1646.7,-21.0,11
212827.000,3959.0925,10459.8862,1646.2,-21.0,11
213010.000,3959.0928,10459.8861,1615.9,-21.0,11
213011.000,3959.0928,10459.8861,1615.9,-21.0,11
