210351.098,19.6706002991,16.2877177648,11.8349269082,11.8518251595
210512.000,19.7706033509,15.9697080599,22.6696325571,11.8518251595
210523.000,19.9556089969,15.9457073275,19.7101672414,11.8518251595
210525.000,19.9406085391,15.9397071444,19.6789162877,11.8518251595
210527.000,19.9406085391,15.9277067782,19.6414151433,11.8518251595
210528.000,19.965609302,15.9277067782,19.617976928,11.8522939238
210530.000,20.0506118961,15.9157064119,19.5836008789,11.8518251595
210532.000,20.0956132694,15.9157064119,19.5445371868,11.8518251595
210533.000,20.100613422,15.9037060457,19.5179738762,11.8518251595
210535.000,20.1106137272,15.8977058626,19.4773476363,11.8522939238
210537.000,20.1106137272,15.8977058626,19.4304712058,11.8518251595
210538.000,20.1106137272,15.8857054964,19.4023453475,11.8518251595
210540.000,20.1056135746,15.8737051302,19.3585940123,11.8518251595
210542.000,20.0956132694,15.8797053133,19.3164052248,11.8518251595
210543.000,20.0856129643,15.8677049471,19.2898419141,11.8518251595
210545.000,20.0806128117,15.8677049471,19.2523407697,11.8518251595
210547.000,20.0806128117,15.8557045808,19.2101519822,11.8518251595
210548.000,20.0806128117,15.8557045808,19.1804635762,11.8513563952
210550.000,20.0806128117,15.8497043977,19.1382747887,11.8518251595
210552.000,20.0756126591,15.8497043977,19.0804605243,11.8518251595
210553.000,20.0706125065,15.8437042146,19.0367091891,11.8518251595
210555.000,20.0356114383,15.8437042146,18.9617069002,11.8518251595
210557.000,20.0056105228,15.8257036653,18.8601413007,11.8513563952
210558.000,19.9756096072,15.8317038484,18.7882641072,11.8518251595
210600.000,19.9306082339,15.8197034822,18.6070085757,11.8518251595
210602.000,19.9106076235,15.8077031159,17.9147999512,11.8518251595
210603.000,19.8856068606,15.8077031159,17.786671041,11.8518251595
210605.000,19.855605945,15.8077031159,17.7210440382,11.8513563952
210607.000,19.8356053346,15.8017029328,17.6538544877,11.8518251595
210608.000,19.8356053346,15.8017029328,17.6116657002,11.8513563952
210610.000,19.8456056398,15.8017029328,17.5522888882,11.8518251595
210612.000,19.8456056398,15.8017029328,17.4897869808,11.8513563952
210613.000,19.8606060976,15.7897025666,17.4522858364,11.8518251595
210615.000,19.9006073183,15.7897025666,17.3975966674,11.8518251595
210617.000,19.9456086917,15.7957027497,17.3382198553,11.8513563952
210618.000,19.9806097598,15.7897025666,17.3022812586,11.8513563952
210620.000,20.015610828,15.7837023835,17.250717185,11.8513563952
210622.000,20.015610828,15.7777022004,17.1929029206,11.8513563952
210623.000,20.0056105228,15.7837023835,17.1585268715,11.8513563952
210625.000,19.9606091494,15.7837023835,17.1100878933,11.8513563952
210627.000,19.9356083865,15.7717020173,17.0553987243,11.8513563952
210628.000,19.9106076235,15.7717020173,17.0210226753,11.8513563952
210630.000,19.8956071657,15.7717020173,16.972583697,11.8513563952
210632.000,19.8856068606,15.7717020173,16.9210196234,11.8513563952
210633.000,19.8706064028,15.7717020173,16.888206122,11.8513563952
210635.000,19.8406054872,15.7597016511,16.8428922391,11.8513563952
210637.000,19.8256050295,15.7657018342,16.7897656178,11.8513563952
210638.000,19.8006042665,15.7657018342,16.7600772118,11.8513563952
210640.000,19.7556028932,15.7537014679,16.7163258766,11.8518251595
210642.000,19.7256019776,15.7537014679,16.6678868984,11.8518251595
210643.000,19.7006012146,15.7537014679,16.6381984924,11.8518251595
210645.000,19.695601062,15.7477012848,16.5960097049,11.8513563952
210647.000,19.6806006043,15.7477012848,16.5491332743,11.8518251595
210648.000,19.6605999939,15.7417011017,16.5194448683,11.8513563952
210650.000,19.6205987732,15.7417011017,16.4788186285,11.8513563952
210652.000,19.5905978576,15.7417011017,16.4335047456,11.8508876308
210653.000,19.5755973998,15.7357009186,16.4053788873,11.8508876308
210655.000,19.5505966369,15.7357009186,16.3647526475,11.8513563952
210657.000,19.5505966369,15.7357009186,16.3210013123,11.8513563952
210658.000,19.5505966369,15.7357009186,16.292875454,11.8508876308
210700.000,19.560596942,15.7357009186,16.2538117618,11.8508876308
210702.000,19.5955980102,15.7357009186,16.208497879,11.8513563952
210703.000,19.6505996887,15.7297007355,16.1803720206,11.8499501022
210705.000,19.7106015198,15.7237005524,16.1428708762,11.8499501022
210707.000,19.7506027406,15.7237005524,16.1006820887,11.8471375164
210708.000,19.7656031983,15.7237005524,16.0756813257,11.8461999878
210710.000,19.7756035035,15.7117001862,16.039742729,11.8429186377
210712.000,19.7756035035,15.7177003693,15.9975539415,11.8382309946
210713.000,19.7656031983,15.7177003693,15.9725531785,11.8363559374
210715.000,19.7356022828,15.6996998199,15.9366145817,11.8321370586
210717.000,19.695601062,15.6936996368,15.8975508896,11.8246368297
210718.000,19.6806006043,15.6816992706,15.8741126743,11.820417951
210720.000,19.6405993835,15.6756990875,15.8397366253,11.8133864864
210722.000,19.6055983154,15.6456981719,15.8006729331,11.8054174932
210723.000,19.5905978576,15.6276976226,15.7756721702,11.7997923215
210725.000,19.5705972472,15.6156972564,15.7444212165,11.7908857997
210727.000,19.5405963317,15.5976967071,15.7053575243,11.7815105136
210728.000,19.5305960265,15.5796961577,15.6819193091,11.7754165777
210730.000,19.5205957213,15.5676957915,15.6491058077,11.7632287057
210732.000,19.5155955687,15.5376948759,15.6116046632,11.7505720695
210733.000,19.5155955687,15.5256945097,15.588166448,11.740728019
210735.000,19.5055952635,15.5076939604,15.5553529466,11.7294776757
210737.000,19.5055952635,15.4836932279,15.5178518021,11.7144772179
210738.000,19.5055952635,15.4656926786,15.4959761345,11.7065082247
210740.000,19.5055952635,15.4356917631,15.4631626331,11.6947891171
210742.000,19.5155955687,15.4056908475,15.4272240364,11.6807261879
210743.000,19.5255958739,15.3816901151,22.3977492599,11.6722884304
210927.000,21.5806585894,14.07965038,22.4133747368,11.7294776757
210937.000,21.6856617939,14.0076481826,19.3164052248,11.7290089114
210938.000,21.6956620991,13.9896476333,22.2071184423,11.7304152043
211122.000,22.3806830042,13.5636346324,22.2164937284,11.774479049
211132.000,22.3806830042,13.5516342662,19.2835917234,11.7740102847
211133.000,22.3806830042,13.5516342662,19.2585909604,11.7735415204
211135.000,22.3706826991,13.5516342662,19.225777459,11.774479049
211137.000,22.3706826991,13.5576344493,19.1867137669,11.7730727561
211138.000,22.3656825465,13.5456340831,19.1617130039,11.7726039918
211140.000,22.3656825465,13.5456340831,19.1273369549,11.7740102847
211142.000,22.3656825465,13.5456340831,19.086710715,11.774479049
211143.000,22.3656825465,13.5456340831,19.0632724998,11.7740102847
211145.000,22.3656825465,13.5456340831,19.0288964507,11.7740102847
211147.000,22.3656825465,13.5456340831,18.9898327586,11.7740102847
211148.000,22.3656825465,13.5456340831,18.9663945433,11.774479049
211150.000,22.3756828516,13.5456340831,18.9320184942,11.7740102847
211152.000,22.3856831568,13.5456340831,18.8929548021,11.7730727561
211153.000,22.3906833094,13.5456340831,18.8663914914,11.7726039918
211155.000,22.3906833094,13.5456340831,18.8257652516,11.7735415204
211157.000,22.3906833094,13.5336337168,18.7788888211,11.7735415204
211158.000,22.3856831568,13.5336337168,18.7476378674,11.7740102847
211200.000,22.3906833094,13.5336337168,18.7023239845,11.7735415204
211202.000,22.3906833094,13.5336337168,18.6538850063,11.7740102847
211203.000,22.3906833094,13.5396339,18.6273216956,11.7735415204
211205.000,22.3906833094,13.5336337168,18.5882580035,11.7735415204
211207.000,22.3856831568,13.5336337168,18.5445066683,11.7740102847
211208.000,22.3906833094,13.5396339,18.5148182623,11.7735415204
211210.000,22.3906833094,13.5396339,18.4695043794,11.7730727561
211212.000,22.3856831568,13.5336337168,18.407002472,11.7730727561
211213.000,22.3906833094,13.5336337168,18.3601260414,11.7740102847
211215.000,22.3906833094,13.5336337168,18.2741859188,11.7735415204
211217.000,22.3906833094,13.5336337168,18.1601199377,11.7730727561
211218.000,22.3906833094,13.5396339,18.0569917905,11.7730727561
211220.000,22.395683462,13.5396339,17.7772957549,11.7749478133
211222.000,22.395683462,13.5336337168,17.2335291604,11.7768228706
211223.000,22.395683462,13.5336337168,17.196028016,11.7768228706
211225.000,22.395683462,13.5396339,17.1444639424,11.7801042207
211227.000,22.3906833094,13.5336337168,17.0882122257,11.7861981567
211228.000,22.3906833094,13.5336337168,17.0538361766,11.7894795068
211230.000,22.3906833094,13.5336337168,17.0069597461,11.7951046785
211232.000,22.3906833094,13.5216333506,16.9538331248,11.8011986145
211233.000,22.3906833094,13.5276335337,16.9241447188,11.8054174932
211235.000,22.3856831568,13.5276335337,16.8788308359,11.8063550218
211237.000,22.3906833094,13.5216333506,16.8303918577,11.8072925504
211238.000,22.3906833094,13.5216333506,16.8007034516,11.8077613147
211240.000,22.3856831568,13.5276335337,16.7585146641,11.8072925504
211242.000,22.3906833094,13.5156331675,16.7100756859,11.8077613147
211243.000,22.3856831568,13.5156331675,16.6803872799,11.8068237861
211245.000,22.3806830042,13.5156331675,16.6413235878,11.8068237861
211247.000,22.3706826991,13.5216333506,16.5960097049,11.8072925504
211248.000,22.3756828516,13.5156331675,16.5694463942,11.8068237861
211250.000,22.3656825465,13.5156331675,16.5303827021,11.8077613147
211252.000,22.3606823939,13.5216333506,16.4850688192,11.8077613147
211253.000,22.3556822413,13.5156331675,22.3321222571,11.8072925504
211437.000,22.5256874294,13.5276335337,22.3086840419,11.8330745872
211447.000,22.6156901761,13.5156331675,19.3992202521,11.8485438093
211448.000,22.6356907865,13.5156331675,22.4258751183,11.8490125736
211632.000,23.6807226783,13.8396430555,22.5555665761,11.854168981
211911.303,23.5257179479,14.0376490982,15.3334711753,11.8555752739
212032.000,23.2657100131,14.1996540422,22.5743171484,11.8551065096
212044.000,23.2707101657,14.2296549577,19.2648411512,11.8551065096
212046.000,23.3257118442,14.2236547746,19.2226523637,11.8551065096
212047.000,23.3607129124,14.2296549577,19.1992141484,11.8551065096
212049.000,23.3907138279,14.241655324,19.1632755516,11.8551065096
212051.000,23.4207147435,14.2356551408,19.1226493118,11.8551065096
212052.000,23.4257148961,14.2356551408,19.0945234535,11.8551065096
212054.000,23.4257148961,14.2356551408,19.0554597613,11.8551065096
212056.000,23.4607159642,14.2356551408,19.0070207831,11.8551065096
212057.000,23.500717185,14.2356551408,18.9773323771,11.8555752739
212059.000,23.5457185583,14.2356551408,18.9335810419,11.8551065096
212101.000,23.6057203894,14.2356551408,18.8867046113,11.8546377453
212102.000,23.6407214576,14.2356551408,18.858578753,11.8551065096
212104.000,23.6557219153,14.2356551408,18.8226401563,11.8551065096
212106.000,23.6757225257,14.241655324,18.7788888211,11.8551065096
212107.000,23.6757225257,14.241655324,18.7507629627,11.8551065096
212109.000,23.6757225257,14.2476555071,18.7070116276,11.8551065096
212111.000,23.6757225257,14.2476555071,18.6476348155,11.8551065096
212112.000,23.6757225257,14.2476555071,18.6023209326,11.8551065096
212114.000,23.6807226783,14.2476555071,18.5241935484,11.8546377453
212116.000,23.7157237465,14.2536556902,18.4210654012,11.8551065096
212117.000,23.7357243568,14.2536556902,18.3382503739,11.8551065096
212119.000,23.7557249672,14.2596558733,18.1319940794,11.8551065096
212121.000,23.7657252724,14.2656560564,17.4632236702,11.8555752739
212122.000,23.770725425,14.2656560564,17.4225974303,11.8551065096
212124.000,23.770725425,14.2656560564,17.3679082614,11.8546377453
212126.000,23.7657252724,14.2596558733,17.310093997,11.8551065096
212127.000,23.745724662,14.2656560564,17.2757179479,11.8546377453
212129.000,23.7307242042,14.2656560564,17.225716422,11.8546377453
212131.000,23.6907229835,14.2716562395,17.1694647053,11.8537002167
212132.000,23.6707223731,14.2716562395,17.1350886563,11.854168981
212134.000,23.6507217627,14.2776564226,17.0897747734,11.8551065096
212136.000,23.610720542,14.2836566057,17.0366481521,11.8569815668
212137.000,23.5957200842,14.2836566057,17.0038346507,11.8565128025
212139.000,23.585719779,14.2836566057,16.9616458632,11.8466687521
212141.000,23.5707193213,14.2896567888,16.9100817896,11.8401060518
212142.000,23.5607190161,14.2836566057,16.8788308359,11.8363559374
212144.000,23.5357182531,14.2836566057,16.8350795007,11.83119953
212146.000,23.4257148961,14.2836566057,16.7866405225,11.825105594
212147.000,23.365713065,14.2836566057,16.7553895688,11.8208867153
212149.000,23.2857106235,14.2836566057,16.7132007813,11.814324015
212151.000,23.205708182,14.2836566057,16.6663243507,11.8040112003
212152.000,23.1707071139,14.2836566057,16.6366359447,11.7993235572
212154.000,23.1357060457,14.2836566057,16.5960097049,11.7918233283
212156.000,23.0907046724,14.2716562395,16.550695822,11.7824480422
212157.000,23.0657039094,14.2716562395,16.5225699637,11.7763541063
212159.000,23.0557036042,14.2656560564,16.4835062716,11.7660412915
212201.000,23.0507034516,14.2536556902,16.4381923887,11.7552597125
212202.000,23.0407031465,14.2476555071,22.4993148595,11.7496345408
212346.000,23.7907260353,13.3296274911,22.1852427747,11.72994644
212356.000,23.8357274087,13.2996265755,18.7132618183,11.7318214972
212357.000,23.8357274087,13.2936263924,18.6913861507,11.7308839686
212359.000,23.8357274087,13.2936263924,18.6585726493,11.7313527329
212401.000,23.8357274087,13.2816260262,18.6195089572,11.7313527329
212402.000,23.8357274087,13.2816260262,18.5960707419,11.7285401471
212404.000,23.8257271035,13.26962566,18.5616946928,11.7304152043
212406.000,23.8307272561,13.2576252937,18.5179433576,11.7308839686
212407.000,23.8257271035,13.2456249275,18.491380047,11.7308839686
212409.000,23.8357274087,13.2276243782,18.4491912595,11.7313527329
212411.000,23.8357274087,13.215624012,18.3945020905,11.7304152043
212412.000,23.8507278665,13.2096238289,18.3538758507,11.72994644
212414.000,23.8757286294,13.1856230964,18.2882488479,11.72994644
212416.000,23.8907290872,13.1916232795,18.1944959868,11.7318214972
212417.000,23.905729545,13.1796229133,18.1319940794,11.7322902615
212419.000,23.9307303079,13.1676225471,18.0491790521,11.7318214972
212421.000,23.9507309183,13.1556221809,17.9444883572,11.7313527329
212422.000,23.9657313761,13.161622364,17.8663609729,11.7318214972
212424.000,24.0057325968,13.1496219977,17.7772957549,11.7327590258
212426.000,24.0207330546,13.1436218146,17.6460417493,11.7332277902
212427.000,24.0257332072,13.1376216315,17.5101001007,11.7308839686
212429.000,24.0357335124,13.1316214484,17.2132160405,11.7365091403
212431.000,24.0457338176,13.1196210822,16.6538239692,11.7435406049
212432.000,24.0607342753,13.1196210822,16.6163228248,11.7440093692
212434.000,24.0857350383,13.1136208991,16.5678838466,11.7519783624
212436.000,24.0957353435,13.107620716,20.6914471877,11.7599473556
212620.000,24.1007354961,13.2276243782,20.8258262886,11.7721352275
212630.000,23.9857319864,13.2456249275,14.8803323466,11.7922920927
212632.000,23.9607312235,13.2516251106,20.853952147,11.7965109714
212816.000,23.0057020783,13.5276335337,20.8602023377,11.8091676077
212826.000,22.9457002472,13.5336337168,14.3350032044,11.814324015
212827.000,22.9407000946,13.5336337168,20.85863979,11.8171366008
213011.000,23.4857167272,13.755640492,20.7914502396,11.8574503311
