171046.099,,,,,00
171047.099,,,,,00
171207.000,3959.0853,10459.8684,1606.6,-21.0,09
171208.000,3959.0853,10459.8684,1606.6,-21.0,09
171212.000,3959.0853,10459.8684,1606.6,-21.0,09
171217.000,3959.0854,10459.8684,1606.6,-21.0,09
171218.000,3959.0854,10459.8684,1606.5,-21.0,09
171220.000,3959.0854,10459.8683,1606.5,-21.0,09
171222.000,3959.0854,10459.8682,1606.4,-21.0,09
171223.000,3959.0855,10459.8681,1606.3,-21.0,09
171224.000,3959.0854,10459.8680,1606.3,-21.0,09
171225.000,3959.0854,10459.8679,1606.3,-21.0,09
171226.000,3959.0854,10459.8678,1606.2,-21.0,09
171227.000,3959.0854,10459.8678,1606.2,-21.0,09
171228.000,3959.0854,10459.8677,1606.2,-21.0,09
171229.000,3959.0855,10459.8677,1606.2,-21.0,09
171230.000,3959.0855,10459.8677,1606.2,-21.0,09
171231.000,3959.0855,10459.8677,1606.2,-21.0,09
171232.000,3959.0855,10459.8677,1606.1,-21.0,09
171233.000,3959.0856,10459.8677,1606.2,-21.0,09
171234.000,3959.0856,10459.8677,1606.1,-21.0,09
171235.000,3959.0857,10459.8678,1606.1,-21.0,09
171236.000,3959.0858,10459.8678,1606.0,-21.0,09
171237.000,3959.0858,10459.8679,1606.0,-21.0,09
171238.000,3959.0859,10459.8679,1606.0,-21.0,09
171239.000,3959.0859,10459.8679,1606.0,-21.0,09
171240.000,3959.0859,10459.8679,1606.0,-21.0,09
171241.000,3959.0860,10459.8679,1606.0,-21.0,09
171242.000,3959.0860,10459.8679,1606.0,-21.0,09
171243.000,3959.0860,10459.8679,1606.1,-21.0,09
171244.000,3959.0861,10459.8680,1606.1,-21.0,09
171245.000,3959.0861,10459.8680,1606.1,-21.0,09
171246.000,3959.0861,10459.8680,1606.1,-21.0,09
171247.000,3959.0861,10459.8679,1606.1,-21.0,09
171248.000,3959.0861,10459.8679,1606.1,-21.0,09
171249.000,3959.0861,10459.8679,1606.0,-21.0,09
171250.000,3959.0861,10459.8678,1606.0,-21.0,09
171251.000,3959.0861,10459.8678,1606.0,-21.0,09
171252.000,3959.0862,10459.8678,1606.0,-21.0,09
171253.000,3959.0862,10459.8679,1606.0,-21.0,09
171254.000,3959.0862,10459.8679,1606.0,-21.0,09
171255.000,3959.0863,10459.8679,1606.0,-21.0,09
171256.000,3959.0863,10459.8679,1606.0,-21.0,09
171257.000,3959.0863,10459.8679,1606.0,-21.0,09
171258.000,3959.0863,10459.8679,1606.0,-21.0,09
171259.000,3959.0863,10459.8679,1606.0,-21.0,09
171300.000,3959.0863,10459.8678,1606.0,-21.0,09
171301.000,3959.0864,10459.8679,1606.2,-21.0,09
171302.000,3959.0864,10459.8680,1606.3,-21.0,09
171303.000,3959.0867,10459.8677,1606.6,-21.0,09
171304.000,3959.0869,10459.8673,1606.8,-21.0,09
171305.000,3959.0872,10459.8667,1607.0,-21.0,09
171306.000,3959.0875,10459.8660,1607.4,-21.0,09
171307.000,3959.0879,10459.8653,1608.0,-21.0,09
171308.000,3959.0883,10459.8646,1608.7,-21.0,09
171309.000,3959.0882,10459.8649,1612.2,-21.0,09
171310.000,3959.0882,10459.8650,1614.5,-21.0,09
171311.000,3959.0880,10459.8652,1616.9,-21.0,09
171312.000,3959.0879,10459.8653,1619.4,-21.0,09
171313.000,3959.0878,10459.8655,1621.9,-21.0,09
171314.000,3959.0878,10459.8656,1624.6,-21.0,09
171315.000,3959.0877,10459.8657,1627.4,-21.0,09
171316.000,3959.0876,10459.8658,1630.4,-21.0,09
171317.000,3959.0877,10459.8658,1633.5,-21.0,09
171318.000,3959.0877,10459.8657,1636.4,-21.0,09
171319.000,3959.0878,10459.8656,1640.0,-21.0,09
171320.000,3959.0878,10459.8655,1644.1,-21.0,09
171321.000,3959.0879,10459.8655,1648.4,-21.0,09
171322.000,3959.0879,10459.8655,1652.0,-21.0,09
171323.000,3959.0880,10459.8656,1655.5,-21.0,09
171324.000,3959.0880,10459.8656,1658.8,-21.0,09
171325.000,3959.0881,10459.8656,1662.2,-21.0,09
171326.000,3959.0882,10459.8656,1665.7,-21.0,09
171327.000,3959.0882,10459.8655,1669.1,-21.0,09
171510.000,3959.0884,10459.8676,1690.5,-21.0,09
171519.000,3959.0886,10459.8678,1690.0,-21.0,09
171520.000,3959.0885,10459.8678,1690.0,-21.0,09
171522.000,3959.0886,10459.8677,1690.0,-21.0,09
171523.000,3959.0886,10459.8677,1690.0,-21.0,09
171524.000,3959.0886,10459.8676,1689.9,-21.0,09
171525.000,3959.0886,10459.8676,1689.9,-21.0,09
171526.000,3959.0886,10459.8676,1689.9,-21.0,09
171527.000,3959.0886,10459.8676,1689.8,-21.0,09
171528.000,3959.0886,10459.8676,1689.7,-21.0,09
171529.000,3959.0886,10459.8677,1689.4,-21.0,09
171530.000,3959.0886,10459.8677,1689.2,-21.0,09
171531.000,3959.0886,10459.8677,1689.1,-21.0,09
171532.000,3959.0886,10459.8676,1688.9,-21.0,09
171533.000,3959.0886,10459.8676,1688.9,-21.0,09
171534.000,3959.0886,10459.8677,1688.8,-21.0,09
171535.000,3959.0885,10459.8677,1688.7,-21.0,09
171536.000,3959.0885,10459.8677,1688.5,-21.0,09
171537.000,3959.0885,10459.8677,1688.3,-21.0,09
171538.000,3959.0885,10459.8678,1687.9,-21.0,09
171539.000,3959.0886,10459.8678,1687.5,-21.0,09
171540.000,3959.0886,10459.8678,1687.2,-21.0,09
171541.000,3959.0887,10459.8679,1686.8,-21.0,09
171542.000,3959.0892,10459.8672,1686.3,-21.0,09
171543.000,3959.0896,10459.8672,1685.6,-21.0,09
171544.000,3959.0894,10459.8676,1684.8,-21.0,09
171545.000,3959.0890,10459.8681,1684.1,-21.0,09
171546.000,3959.0893,10459.8681,1682.9,-21.0,09
171547.000,3959.0895,10459.8682,1682.3,-21.0,09
171548.000,3959.0895,10459.8681,1681.8,-21.0,09
171549.000,3959.0894,10459.8680,1681.4,-21.0,09
171550.000,3959.0892,10459.8680,1681.1,-21.0,09
171733.000,3959.0874,10459.8673,1664.2,-21.0,09
171734.000,3959.0878,10459.8668,1663.1,-21.0,09
171743.000,3959.0876,10459.8673,1657.4,-21.0,09
171744.000,3959.0875,10459.8675,1657.0,-21.0,09
171745.000,3959.0874,10459.8676,1656.6,-21.0,09
171746.000,3959.0874,10459.8676,1656.3,-21.0,09
171747.000,3959.0874,10459.8677,1656.1,-21.0,09
171748.000,3959.0874,10459.8677,1655.9,-21.0,09
171749.000,3959.0873,10459.8677,1655.6,-21.0,09
171932.000,3959.0884,10459.8679,1643.4,-21.0,09
171933.000,3959.0884,10459.8680,1643.0,-21.0,09
171942.000,3959.0880,10459.8678,1639.9,-21.0,09
171943.000,3959.0880,10459.8678,1639.9,-21.0,09
171944.000,3959.0880,10459.8678,1639.9,-21.0,09
171945.000,3959.0879,10459.8678,1639.9,-21.0,09
172128.000,3959.0878,10459.8677,1638.3,-21.0,09
172129.000,3959.0878,10459.8677,1638.3,-21.0,09
172607.102,,,,,00
172608.102,,,,,00
172728.000,3959.0711,10459.8709,1605.2,-21.0,09
172729.000,3959.0711,10459.8709,1605.1,-21.0,09
172732.000,3959.0711,10459.8709,1605.0,-21.0,09
172733.000,3959.0711,10459.8708,1604.9,-21.0,09
172738.000,3959.0711,10459.8709,1604.6,-21.0,09
172739.000,3959.0711,10459.8709,1604.5,-21.0,09
172740.000,3959.0711,10459.8709,1604.5,-21.0,09
172741.000,3959.0711,10459.8708,1604.4,-21.0,09
172742.000,3959.0711,10459.8708,1604.4,-21.0,09
172743.000,3959.0711,10459.8708,1604.4,-21.0,09
172744.000,3959.0712,10459.8707,1604.4,-21.0,09
172745.000,3959.0712,10459.8707,1604.4,-21.0,09
172746.000,3959.0712,10459.8707,1604.4,-21.0,09
172747.000,3959.0712,10459.8707,1604.4,-21.0,09
172748.000,3959.0713,10459.8707,1604.4,-21.0,09
172749.000,3959.0713,10459.8707,1604.4,-21.0,09
172750.000,3959.0713,10459.8707,1604.4,-21.0,09
172751.000,3959.0713,10459.8707,1604.4,-21.0,09
172752.000,3959.0713,10459.8707,1604.4,-21.0,09
172753.000,3959.0714,10459.8707,1604.4,-21.0,09
172754.000,3959.0714,10459.8706,1604.3,-21.0,09
172755.000,3959.0714,10459.8706,1604.3,-21.0,09
172756.000,3959.0714,10459.8705,1604.3,-21.0,09
172757.000,3959.0715,10459.8705,1604.3,-21.0,09
172758.000,3959.0715,10459.8705,1604.3,-21.0,09
172759.000,3959.0715,10459.8705,1604.4,-21.0,09
172800.000,3959.0715,10459.8705,1604.4,-21.0,09
172801.000,3959.0715,10459.8705,1604.4,-21.0,09
172802.000,3959.0715,10459.8705,1604.4,-21.0,09
172803.000,3959.0715,10459.8705,1604.4,-21.0,09
172804.000,3959.0716,10459.8705,1604.4,-21.0,09
172805.000,3959.0716,10459.8705,1604.4,-21.0,09
172806.000,3959.0716,10459.8705,1604.4,-21.0,09
172807.000,3959.0716,10459.8705,1604.5,-21.0,09
172808.000,3959.0716,10459.8704,1604.5,-21.0,09
172809.000,3959.0716,10459.8704,1604.5,-21.0,09
172810.000,3959.0716,10459.8704,1604.5,-21.0,09
172811.000,3959.0717,10459.8704,1604.5,-21.0,09
172812.000,3959.0717,10459.8704,1604.5,-21.0,09
172813.000,3959.0717,10459.8705,1604.5,-21.0,09
172814.000,3959.0717,10459.8705,1604.5,-21.0,09
172815.000,3959.0717,10459.8705,1604.5,-21.0,09
172816.000,3959.0717,10459.8705,1604.5,-21.0,09
172817.000,3959.0718,10459.8705,1604.5,-21.0,09
172818.000,3959.0718,10459.8705,1604.6,-21.0,09
172819.000,3959.0718,10459.8704,1604.6,-21.0,09
172820.000,3959.0718,10459.8704,1604.6,-21.0,09
172821.000,3959.0718,10459.8704,1604.7,-21.0,09
172822.000,3959.0718,10459.8704,1604.7,-21.0,09
172823.000,3959.0718,10459.8704,1604.7,-21.0,09
172824.000,3959.0718,10459.8704,1604.8,-21.0,09
172825.000,3959.0719,10459.8705,1605.0,-21.0,09
172826.000,3959.0718,10459.8705,1605.4,-21.0,09
172827.000,3959.0718,10459.8704,1605.7,-21.0,09
172828.000,3959.0717,10459.8703,1606.0,-21.0,09
172829.000,3959.0717,10459.8701,1606.4,-21.0,09
172830.000,3959.0718,10459.8698,1606.9,-21.0,09
172831.000,3959.0719,10459.8695,1607.3,-21.0,09
172832.000,3959.0723,10459.8690,1607.7,-21.0,09
172833.000,3959.0726,10459.8685,1608.2,-21.0,09
172834.000,3959.0725,10459.8685,1609.0,-21.0,09
172835.000,3959.0722,10459.8689,1611.0,-21.0,09
172836.000,3959.0720,10459.8690,1612.2,-21.0,09
172837.000,3959.0719,10459.8691,1613.3,-21.0,09
172838.000,3959.0717,10459.8692,1614.5,-21.0,09
172839.000,3959.0715,10459.8693,1615.4,-21.0,09
172840.000,3959.0712,10459.8695,1616.9,-21.0,09
172841.000,3959.0710,10459.8700,1617.9,-21.0,09
172842.000,3959.0707,10459.8705,1619.5,-21.0,09
172843.000,3959.0705,10459.8708,1621.2,-21.0,09
172844.000,3959.0706,10459.8706,1622.7,-21.0,09
172845.000,3959.0709,10459.8701,1626.3,-21.0,09
172846.000,3959.0709,10459.8697,1629.5,-21.0,09
172847.000,3959.0709,10459.8695,1632.8,-21.0,09
172848.000,3959.0708,10459.8693,1636.2,-21.0,09
172849.000,3959.0708,10459.8693,1639.8,-21.0,09
172850.000,3959.0709,10459.8692,1643.4,-21.0,09
172851.000,3959.0708,10459.8693,1646.9,-21.0,09
172852.000,3959.0707,10459.8693,1650.5,-21.0,09
172853.000,3959.0705,10459.8693,1654.1,-21.0,09
172854.000,3959.0704,10459.8693,1655.7,-21.0,09
172855.000,3959.0704,10459.8691,1656.7,-21.0,09
172856.000,3959.0704,10459.8690,1656.8,-21.0,09
172857.000,3959.0705,10459.8689,1657.0,-21.0,09
172858.000,3959.0705,10459.8689,1657.4,-21.0,09
172859.000,3959.0706,10459.8688,1657.7,-21.0,09
172900.000,3959.0707,10459.8686,1658.2,-21.0,09
172901.000,3959.0708,10459.8685,1658.5,-21.0,09
172902.000,3959.0708,10459.8685,1659.2,-21.0,09
172903.000,3959.0708,10459.8684,1660.2,-21.0,09
172904.000,3959.0708,10459.8683,1661.1,-21.0,09
172905.000,3959.0709,10459.8682,1662.1,-21.0,09
173048.000,3959.0725,10459.8690,1678.0,-21.0,09
173049.000,3959.0725,10459.8690,1678.1,-21.0,09
173058.000,3959.0731,10459.8687,1676.8,-21.0,09
173059.000,3959.0732,10459.8687,1676.6,-21.0,09
173100.000,3959.0735,10459.8688,1676.2,-21.0,09
173243.000,3959.0733,10459.8689,1664.5,-21.0,09
173244.000,3959.0733,10459.8689,1664.5,-21.0,09
173253.000,3959.0731,10459.8689,1657.1,-21.0,09
173254.000,3959.0731,10459.8688,1655.7,-21.0,09
173255.000,3959.0730,10459.8688,1654.4,-21.0,09
173256.000,3959.0730,10459.8688,1653.2,-21.0,09
173257.000,3959.0730,10459.8688,1652.6,-21.0,09
173440.000,3959.0727,10459.8694,1642.5,-21.0,09
173449.000,3959.0730,10459.8694,1637.2,-21.0,09
173450.000,3959.0729,10459.8693,1636.7,-21.0,09
173452.000,3959.0729,10459.8694,1635.9,-21.0,09
173635.000,3959.0727,10459.8693,1633.5,-21.0,09
