235328.309,,,,,00
235450.000,4005.1595,10513.9691,1584.6,-20.7,09
235453.000,4005.1595,10513.9691,1584.6,-20.7,09
235458.000,4005.1595,10513.9691,1584.6,-20.7,09
235459.000,4005.1595,10513.9691,1584.6,-20.7,09
235500.000,4005.1595,10513.9691,1584.6,-20.7,09
235501.000,4005.1595,10513.9691,1584.6,-20.7,09
235502.000,4005.1595,10513.9691,1584.6,-20.7,09
235503.000,4005.1595,10513.9691,1584.6,-20.7,09
235504.000,4005.1595,10513.9691,1584.6,-20.7,09
235505.000,4005.1595,10513.9691,1584.6,-20.7,09
235506.000,4005.1595,10513.9691,1584.6,-20.7,09
235507.000,4005.1595,10513.9691,1584.6,-20.7,09
235508.000,4005.1595,10513.9691,1584.6,-20.7,09
235509.000,4005.1595,10513.9691,1584.6,-20.7,09
235510.000,4005.1595,10513.9691,1584.6,-20.7,09
235511.000,4005.1595,10513.9691,1584.6,-20.7,09
235512.000,4005.1595,10513.9691,1584.6,-20.7,09
235513.000,4005.1595,10513.9691,1584.6,-20.7,09
235514.000,4005.1595,10513.9691,1584.6,-20.7,09
235515.000,4005.1595,10513.9691,1584.6,-20.7,09
235516.000,4005.1595,10513.9691,1584.6,-20.7,09
235517.000,4005.1595,10513.9691,1584.6,-20.7,09
235518.000,4005.1595,10513.9691,1584.6,-20.7,09
235519.000,4005.1595,10513.9691,1584.6,-20.7,09
235520.000,4005.1595,10513.9691,1584.6,-20.7,09
235521.000,4005.1595,10513.9691,1584.6,-20.7,09
235522.000,4005.1595,10513.9691,1584.6,-20.7,09
235523.000,4005.1595,10513.9691,1584.5,-20.7,09
235524.000,4005.1596,10513.9691,1584.5,-20.7,09
235525.000,4005.1596,10513.9691,1584.5,-20.7,09
235526.000,4005.1596,10513.9691,1584.5,-20.7,09
235527.000,4005.1596,10513.9691,1584.5,-20.7,09
235528.000,4005.1596,10513.9691,1584.5,-20.7,09
235529.000,4005.1596,10513.9691,1584.5,-20.7,09
235530.000,4005.1596,10513.9691,1584.5,-20.7,09
235531.000,4005.1596,10513.9691,1584.5,-20.7,10
235532.000,4005.1596,10513.9691,1584.5,-20.7,10
235533.000,4005.1596,10513.9691,1584.5,-20.7,10
235534.000,4005.1596,10513.9691,1584.5,-20.7,10
235535.000,4005.1596,10513.9691,1584.5,-20.7,10
235536.000,4005.1596,10513.9691,1584.5,-20.7,10
235537.000,4005.1596,10513.9691,1584.5,-20.7,10
235538.000,4005.1596,10513.9691,1584.5,-20.7,10
235539.000,4005.1596,10513.9691,1584.5,-20.7,10
235540.000,4005.1596,10513.9691,1584.5,-20.7,10
235541.000,4005.1596,10513.9690,1584.5,-20.7,10
235542.000,4005.1598,10513.9689,1586.3,-20.7,10
235543.000,4005.1598,10513.9689,1588.1,-20.7,10
235544.000,4005.1599,10513.9689,1590.1,-20.7,10
235545.000,4005.1601,10513.9691,1591.7,-20.7,10
235546.000,4005.1603,10513.9695,1593.2,-20.7,10
235547.000,4005.1604,10513.9697,1595.1,-20.7,10
235548.000,4005.1605,10513.9697,1597.0,-20.7,10
235549.000,4005.1605,10513.9697,1599.0,-20.7,10
235550.000,4005.1606,10513.9697,1601.2,-20.7,10
235551.000,4005.1607,10513.9697,1603.4,-20.7,10
235552.000,4005.1608,10513.9698,1605.5,-20.7,10
235553.000,4005.1609,10513.9698,1607.6,-20.7,10
235554.000,4005.1608,10513.9699,1609.8,-20.7,10
235555.000,4005.1608,10513.9701,1612.4,-20.7,10
235556.000,4005.1608,10513.9702,1615.1,-20.7,10
235557.000,4005.1608,10513.9704,1617.9,-20.7,10
235558.000,4005.1608,10513.9706,1620.5,-20.7,10
235559.000,4005.1606,10513.9707,1623.1,-20.7,10
235600.000,4005.1605,10513.9709,1625.7,-20.7,10
235601.000,4005.1604,10513.9710,1628.2,-20.7,10
235602.000,4005.1604,10513.9711,1630.1,-20.7,10
235603.000,4005.1605,10513.9710,1632.5,-20.7,10
235604.000,4005.1606,10513.9708,1633.9,-20.7,10
235605.000,4005.1605,10513.9708,1637.4,-20.7,10
235606.000,4005.1604,10513.9707,1639.1,-20.7,10
235607.000,4005.1604,10513.9707,1641.8,-20.7,10
235608.000,4005.1605,10513.9708,1644.6,-20.7,10
235751.000,4005.1607,10513.9724,1665.3,-20.7,10
235752.000,4005.1607,10513.9723,1665.3,-20.7,10
235801.000,4005.1607,10513.9721,1665.8,-20.7,10
235802.000,4005.1606,10513.9721,1665.9,-20.7,10
235803.000,4005.1607,10513.9721,1666.0,-20.7,10
235804.000,4005.1607,10513.9721,1666.2,-20.7,10
235805.000,4005.1607,10513.9720,1666.2,-20.7,10
235806.000,4005.1607,10513.9719,1666.2,-20.7,10
235807.000,4005.1607,10513.9719,1666.2,-20.7,10
235808.000,4005.1607,10513.9719,1666.2,-20.7,10
235809.000,4005.1606,10513.9719,1666.3,-20.7,10
235810.000,4005.1606,10513.9719,1666.3,-20.7,10
235811.000,4005.1606,10513.9719,1666.4,-20.7,10
235812.000,4005.1606,10513.9718,1666.5,-20.7,10
235813.000,4005.1606,10513.9718,1666.6,-20.7,10
235814.000,4005.1606,10513.9717,1666.7,-20.7,10
235815.000,4005.1606,10513.9716,1666.8,-20.7,10
235816.000,4005.1606,10513.9716,1666.8,-20.7,10
235817.000,4005.1607,10513.9715,1667.0,-20.7,10
235818.000,4005.1607,10513.9714,1667.1,-20.7,10
235819.000,4005.1606,10513.9713,1667.2,-20.7,10
235820.000,4005.1606,10513.9713,1667.2,-20.7,10
235821.000,4005.1606,10513.9713,1667.2,-20.7,10
235822.000,4005.1606,10513.9713,1667.3,-20.7,10
235823.000,4005.1606,10513.9713,1667.4,-20.7,10
235824.000,4005.1606,10513.9712,1667.4,-20.7,10
235825.000,4005.1606,10513.9712,1667.4,-20.7,10
235826.000,4005.1606,10513.9711,1667.4,-20.7,10
235827.000,4005.1606,10513.9710,1667.4,-20.7,10
235828.000,4005.1606,10513.9710,1667.3,-20.7,10
235829.000,4005.1606,10513.9710,1667.4,-20.7,10
235830.000,4005.1606,10513.9710,1667.4,-20.7,10
235831.000,4005.1606,10513.9711,1667.4,-20.7,10
235832.000,4005.1605,10513.9711,1667.5,-20.7,10
235833.000,4005.1605,10513.9711,1667.5,-20.7,10
235834.000,4005.1605,10513.9711,1667.5,-20.7,10
235835.000,4005.1605,10513.9710,1667.4,-20.7,10
235836.000,4005.1606,10513.9709,1667.4,-20.7,10
235837.000,4005.1607,10513.9709,1667.4,-20.7,10
235838.000,4005.1606,10513.9709,1667.5,-20.7,10
235839.000,4005.1606,10513.9709,1667.5,-20.7,10
235840.000,4005.1606,10513.9709,1667.6,-20.7,10
235841.000,4005.1605,10513.9708,1667.6,-20.7,10
235842.000,4005.1606,10513.9707,1667.6,-20.7,10
235843.000,4005.1607,10513.9705,1667.6,-20.7,10
235844.000,4005.1608,10513.9705,1667.8,-20.7,10
235845.000,4005.1609,10513.9704,1667.9,-20.7,10
235846.000,4005.1608,10513.9705,1668.0,-20.7,10
235847.000,4005.1606,10513.9707,1668.0,-20.7,10
235848.000,4005.1605,10513.9710,1667.8,-20.7,10
235849.000,4005.1604,10513.9711,1667.2,-20.7,10
235850.000,4005.1604,10513.9712,1665.9,-20.7,10
235851.000,4005.1605,10513.9713,1664.9,-20.7,10
235852.000,4005.1606,10513.9712,1663.5,-20.7,10
235853.000,4005.1607,10513.9710,1662.4,-20.7,10
235854.000,4005.1608,10513.9709,1661.5,-20.7,10
235855.000,4005.1610,10513.9707,1660.8,-20.7,10
235856.000,4005.1611,10513.9706,1659.7,-20.7,10
235857.000,4005.1612,10513.9705,1658.9,-20.7,10
235858.000,4005.1612,10513.9705,1658.0,-20.7,10
000041.000,4005.1601,10513.9703,1650.0,-20.7,10
000042.000,4005.1602,10513.9703,1650.0,-20.7,10
000051.000,4005.1602,10513.9703,1649.8,-20.7,10
000052.000,4005.1604,10513.9702,1649.7,-20.7,10
000053.000,4005.1605,10513.9701,1649.6,-20.7,10
000054.000,4005.1605,10513.9700,1649.4,-20.7,10
000055.000,4005.1606,10513.9698,1649.1,-20.7,10
000056.000,4005.1606,10513.9697,1648.9,-20.7,10
000057.000,4005.1606,10513.9696,1648.5,-20.7,10
000058.000,4005.1606,10513.9695,1648.2,-20.7,10
000059.000,4005.1607,10513.9695,1647.8,-20.7,10
000100.000,4005.1607,10513.9694,1647.4,-20.7,10
000101.000,4005.1607,10513.9694,1647.0,-20.7,10
000102.000,4005.1607,10513.9693,1646.6,-20.7,10
000103.000,4005.1607,10513.9693,1646.2,-20.7,10
000104.000,4005.1607,10513.9693,1645.8,-20.7,10
000105.000,4005.1606,10513.9693,1645.5,-20.7,10
000106.000,4005.1606,10513.9693,1645.1,-20.7,10
000107.000,4005.1607,10513.9693,1644.8,-20.7,10
000108.000,4005.1607,10513.9694,1644.5,-20.7,10
000109.000,4005.1607,10513.9694,1644.2,-20.7,10
000110.000,4005.1607,10513.9694,1644.0,-20.7,10
000111.000,4005.1607,10513.9694,1643.7,-20.7,10
000112.000,4005.1606,10513.9694,1643.5,-20.7,10
000113.000,4005.1606,10513.9693,1643.3,-20.7,10
000114.000,4005.1606,10513.9693,1643.1,-20.7,10
000115.000,4005.1605,10513.9693,1642.9,-20.7,10
000116.000,4005.1605,10513.9693,1642.7,-20.7,10
000117.000,4005.1605,10513.9693,1642.5,-20.7,10
000118.000,4005.1605,10513.9693,1642.3,-20.7,10
000119.000,4005.1605,10513.9693,1642.2,-20.7,10
000120.000,4005.1605,10513.9693,1642.0,-20.7,10
000121.000,4005.1605,10513.9693,1641.8,-20.7,10
000122.000,4005.1605,10513.9693,1641.7,-20.7,10
000123.000,4005.1605,10513.9693,1641.5,-20.7,10
000124.000,4005.1605,10513.9693,1641.4,-20.7,10
000125.000,4005.1605,10513.9693,1641.2,-20.7,10
000126.000,4005.1605,10513.9692,1641.1,-20.7,10
000127.000,4005.1605,10513.9691,1640.9,-20.7,10
000128.000,4005.1605,10513.9691,1640.8,-20.7,10
000129.000,4005.1605,10513.9691,1640.6,-20.7,10
000130.000,4005.1605,10513.9692,1640.5,-20.7,10
000131.000,4005.1604,10513.9693,1640.3,-20.7,10
000132.000,4005.1603,10513.9694,1640.2,-20.7,10
000133.000,4005.1602,10513.9694,1640.0,-20.7,10
000134.000,4005.1602,10513.9694,1639.9,-20.7,10
000135.000,4005.1601,10513.9694,1639.8,-20.7,10
000136.000,4005.1601,10513.9693,1639.6,-20.7,10
000137.000,4005.1601,10513.9693,1639.5,-20.7,10
000138.000,4005.1601,10513.9693,1639.3,-20.7,10
000139.000,4005.1601,10513.9693,1639.2,-20.7,10
000140.000,4005.1600,10513.9693,1639.0,-20.7,10
000141.000,4005.1600,10513.9693,1638.9,-20.7,10
000142.000,4005.1600,10513.9692,1638.7,-20.7,10
000143.000,4005.1600,10513.9692,1638.6,-20.7,10
000144.000,4005.1600,10513.9691,1638.5,-20.7,10
000145.000,4005.1600,10513.9691,1638.3,-20.7,10
000146.000,4005.1600,10513.9691,1638.2,-20.7,10
000147.000,4005.1600,10513.9691,1638.0,-20.7,10
000148.000,4005.1600,10513.9691,1637.9,-20.7,10
000149.000,4005.1600,10513.9690,1637.8,-20.7,10
000150.000,4005.1600,10513.9690,1637.6,-20.7,10
000151.000,4005.1600,10513.9690,1637.5,-20.7,10
000152.000,4005.1600,10513.9689,1637.4,-20.7,10
000153.000,4005.1600,10513.9689,1637.3,-20.7,10
000154.000,4005.1600,10513.9689,1637.2,-20.7,10
000155.000,4005.1600,10513.9689,1637.1,-20.7,10
000156.000,4005.1600,10513.9689,1637.0,-20.7,10
000157.000,4005.1600,10513.9688,1636.9,-20.7,10
000158.000,4005.1600,10513.9688,1636.8,-20.7,10
000159.000,4005.1600,10513.9687,1636.7,-20.7,10
000200.000,4005.1600,10513.9687,1636.6,-20.7,10
000201.000,4005.1599,10513.9687,1636.5,-20.7,10
000202.000,4005.1599,10513.9687,1636.4,-20.7,10
000203.000,4005.1599,10513.9686,1636.4,-20.7,10
000204.000,4005.1599,10513.9686,1636.3,-20.7,10
000205.000,4005.1599,10513.9685,1636.2,-20.7,10
000206.000,4005.1599,10513.9685,1636.1,-20.7,10
000207.000,4005.1599,10513.9685,1636.0,-20.7,10
000208.000,4005.1599,10513.9684,1635.9,-20.7,10
000209.000,4005.1599,10513.9684,1635.9,-20.7,10
000210.000,4005.1599,10513.9684,1635.8,-20.7,10
000211.000,4005.1599,10513.9684,1635.7,-20.7,10
000212.000,4005.1600,10513.9684,1635.6,-20.7,10
000213.000,4005.1600,10513.9684,1635.5,-20.7,10
000214.000,4005.1600,10513.9684,1635.5,-20.7,10
000215.000,4005.1600,10513.9685,1635.4,-20.7,10
000216.000,4005.1600,10513.9685,1635.3,-20.7,10
000217.000,4005.1600,10513.9685,1635.2,-20.7,10
000218.000,4005.1600,10513.9685,1635.1,-20.7,10
000219.000,4005.1600,10513.9685,1635.1,-20.7,10
000220.000,4005.1600,10513.9684,1635.0,-20.7,10
000221.000,4005.1599,10513.9684,1634.9,-20.7,10
000222.000,4005.1599,10513.9683,1634.9,-20.7,10
000223.000,4005.1599,10513.9682,1634.8,-20.7,10
000224.000,4005.1599,10513.9682,1634.7,-20.7,10
000225.000,4005.1599,10513.9683,1634.7,-20.7,10
000226.000,4005.1600,10513.9683,1634.6,-20.7,10
000227.000,4005.1600,10513.9684,1634.5,-20.7,10
000228.000,4005.1600,10513.9684,1634.5,-20.7,10
000411.000,4005.1586,10513.9734,1609.5,-20.7,10
000412.000,4005.1586,10513.9734,1609.5,-20.7,10
000421.000,4005.1586,10513.9734,1609.5,-20.7,10
000422.000,4005.1586,10513.9734,1609.5,-20.7,10
000423.000,4005.1586,10513.9734,1609.5,-20.7,10
000606.000,4005.1589,10513.9724,1605.5,-20.7,10
000607.000,4005.1589,10513.9724,1605.5,-20.7,10
000653.102,,,,,00
000654.102,,,,,00
000814.000,4005.1589,10513.9710,1597.1,-20.7,09
000815.000,4005.1589,10513.9709,1597.0,-20.7,09
000818.000,4005.1589,10513.9709,1597.0,-20.7,09
000823.000,4005.1589,10513.9709,1597.0,-20.7,09
000824.000,4005.1589,10513.9709,1597.0,-20.7,09
000825.000,4005.1589,10513.9709,1596.9,-20.7,09
000826.000,4005.1589,10513.9709,1596.7,-20.7,09
000827.000,4005.1590,10513.9709,1596.6,-20.7,09
000828.000,4005.1590,10513.9708,1596.5,-20.7,09
000829.000,4005.1590,10513.9708,1596.4,-20.7,09
000830.000,4005.1590,10513.9708,1596.4,-20.7,10
000831.000,4005.1589,10513.9707,1596.3,-20.7,09
000832.000,4005.1589,10513.9707,1596.3,-20.7,10
000833.000,4005.1589,10513.9707,1596.2,-20.7,10
000834.000,4005.1589,10513.9707,1596.2,-20.7,10
000835.000,4005.1589,10513.9706,1596.2,-20.7,10
000836.000,4005.1589,10513.9706,1596.2,-20.7,10
000837.000,4005.1589,10513.9706,1596.2,-20.7,10
000838.000,4005.1589,10513.9706,1596.2,-20.7,10
000839.000,4005.1589,10513.9705,1596.2,-20.7,10
000840.000,4005.1589,10513.9705,1596.2,-20.7,10
000841.000,4005.1589,10513.9705,1596.2,-20.7,10
000842.000,4005.1589,10513.9705,1596.2,-20.7,10
000843.000,4005.1588,10513.9705,1596.2,-20.7,10
000844.000,4005.1588,10513.9705,1596.2,-20.7,10
000845.000,4005.1588,10513.9705,1596.2,-20.7,10
000846.000,4005.1587,10513.9704,1596.2,-20.7,10
000847.000,4005.1587,10513.9704,1596.3,-20.7,10
000848.000,4005.1587,10513.9704,1596.3,-20.7,10
000849.000,4005.1587,10513.9704,1596.3,-20.7,10
000850.000,4005.1587,10513.9704,1596.4,-20.7,10
000851.000,4005.1587,10513.9704,1596.4,-20.7,10
000852.000,4005.1586,10513.9704,1596.4,-20.7,10
000853.000,4005.1586,10513.9704,1596.5,-20.7,10
000854.000,4005.1586,10513.9704,1596.5,-20.7,10
000855.000,4005.1586,10513.9704,1596.5,-20.7,10
000856.000,4005.1585,10513.9704,1596.6,-20.7,10
000857.000,4005.1585,10513.9704,1596.6,-20.7,10
000858.000,4005.1585,10513.9704,1596.7,-20.7,10
000859.000,4005.1585,10513.9704,1596.8,-20.7,10
000900.000,4005.1585,10513.9704,1596.8,-20.7,10
000901.000,4005.1585,10513.9704,1596.8,-20.7,10
000902.000,4005.1585,10513.9704,1596.9,-20.7,10
000903.000,4005.1585,10513.9704,1597.0,-20.7,10
000904.000,4005.1585,10513.9704,1597.2,-20.7,10
000905.000,4005.1586,10513.9703,1597.5,-20.7,10
000906.000,4005.1587,10513.9701,1597.8,-20.7,10
000907.000,4005.1590,10513.9701,1598.3,-20.7,10
000908.000,4005.1593,10513.9700,1599.0,-20.7,10
000909.000,4005.1595,10513.9700,1599.9,-20.7,10
000910.000,4005.1598,10513.9701,1601.3,-20.7,10
000911.000,4005.1599,10513.9702,1602.8,-20.7,10
000912.000,4005.1600,10513.9702,1604.7,-20.7,10
000913.000,4005.1600,10513.9701,1606.6,-20.7,10
000914.000,4005.1601,10513.9700,1608.8,-20.7,10
000915.000,4005.1602,10513.9699,1611.2,-20.7,10
000916.000,4005.1602,10513.9700,1613.8,-20.7,10
000917.000,4005.1602,10513.9696,1617.7,-20.7,10
000918.000,4005.1602,10513.9690,1620.5,-20.7,10
000919.000,4005.1601,10513.9685,1623.1,-20.7,10
000920.000,4005.1601,10513.9680,1625.6,-20.7,10
000921.000,4005.1599,10513.9675,1628.1,-20.7,10
000922.000,4005.1599,10513.9671,1631.4,-20.7,10
000923.000,4005.1599,10513.9665,1634.0,-20.7,10
000924.000,4005.1598,10513.9660,1636.5,-20.7,10
000925.000,4005.1599,10513.9656,1639.1,-20.7,10
000926.000,4005.1599,10513.9652,1641.6,-20.7,10
000927.000,4005.1599,10513.9646,1644.8,-20.7,10
000928.000,4005.1600,10513.9640,1647.3,-20.7,10
000929.000,4005.1600,10513.9635,1649.6,-20.7,10
000930.000,4005.1601,10513.9630,1651.6,-20.7,10
000931.000,4005.1601,10513.9627,1652.2,-20.7,10
000932.000,4005.1603,10513.9625,1652.1,-20.7,10
000933.000,4005.1604,10513.9625,1651.8,-20.7,10
001116.000,4005.1589,10513.9693,1670.0,-20.7,11
001117.000,4005.1588,10513.9693,1670.1,-20.7,11
001126.000,4005.1592,10513.9689,1670.5,-20.7,11
001127.000,4005.1593,10513.9689,1670.3,-20.7,11
001128.000,4005.1593,10513.9689,1670.2,-20.7,11
001311.000,4005.1585,10513.9676,1658.8,-20.7,10
001312.000,4005.1585,10513.9676,1658.8,-20.7,10
001321.000,4005.1585,10513.9676,1658.8,-20.7,10
001322.000,4005.1585,10513.9676,1658.8,-20.7,10
001323.000,4005.1585,10513.9676,1658.8,-20.7,10
001324.000,4005.1585,10513.9676,1658.8,-20.7,10
001325.000,4005.1585,10513.9676,1658.8,-20.7,10
001326.000,4005.1585,10513.9676,1658.8,-20.7,10
001327.000,4005.1585,10513.9676,1658.8,-20.7,09
001328.000,4005.1585,10513.9676,1658.8,-20.7,10
001329.000,4005.1585,10513.9676,1658.8,-20.7,10
001330.000,4005.1585,10513.9676,1658.8,-20.7,10
001331.000,4005.1585,10513.9676,1658.8,-20.7,10
001332.000,4005.1585,10513.9676,1658.7,-20.7,10
001333.000,4005.1585,10513.9677,1658.7,-20.7,10
001334.000,4005.1585,10513.9678,1658.7,-20.7,10
001335.000,4005.1585,10513.9679,1658.6,-20.7,10
001336.000,4005.1585,10513.9679,1658.6,-20.7,10
001337.000,4005.1584,10513.9679,1658.6,-20.7,10
001338.000,4005.1581,10513.9680,1657.8,-20.7,10
001339.000,4005.1579,10513.9681,1657.1,-20.7,10
001340.000,4005.1580,10513.9684,1656.2,-20.7,10
001341.000,4005.1581,10513.9686,1655.5,-20.7,10
001342.000,4005.1581,10513.9687,1654.9,-20.7,10
001343.000,4005.1581,10513.9687,1654.5,-20.7,10
001344.000,4005.1581,10513.9687,1653.9,-20.7,10
001345.000,4005.1580,10513.9687,1653.6,-20.7,10
001346.000,4005.1579,10513.9686,1653.3,-20.7,10
001347.000,4005.1579,10513.9685,1653.0,-20.7,10
001348.000,4005.1579,10513.9685,1652.6,-20.7,09
001349.000,4005.1579,10513.9685,1652.3,-20.7,09
001350.000,4005.1579,10513.9686,1651.9,-20.7,09
001351.000,4005.1578,10513.9686,1651.5,-20.7,10
001352.000,4005.1578,10513.9687,1651.2,-20.7,10
001353.000,4005.1578,10513.9688,1650.8,-20.7,10
001354.000,4005.1578,10513.9688,1650.5,-20.7,10
001355.000,4005.1578,10513.9688,1650.1,-20.7,10
001356.000,4005.1577,10513.9688,1649.7,-20.7,10
001357.000,4005.1577,10513.9688,1649.2,-20.7,10
001358.000,4005.1576,10513.9688,1648.8,-20.7,10
001359.000,4005.1576,10513.9688,1648.8,-20.7,10
001400.000,4005.1576,10513.9688,1648.8,-20.7,10
001401.000,4005.1576,10513.9688,1648.8,-20.7,10
001402.000,4005.1576,10513.9688,1648.8,-20.7,10
001403.000,4005.1576,10513.9688,1648.8,-20.7,10
001404.000,4005.1577,10513.9688,1648.8,-20.7,10
001405.000,4005.1577,10513.9688,1648.8,-20.7,10
001406.000,4005.1577,10513.9688,1648.8,-20.7,10
001407.000,4005.1577,10513.9688,1648.7,-20.7,10
001408.000,4005.1577,10513.9688,1648.7,-20.7,09
001409.000,4005.1576,10513.9688,1648.7,-20.7,09
001410.000,4005.1577,10513.9688,1648.7,-20.7,10
001411.000,4005.1577,10513.9688,1648.7,-20.7,10
001412.000,4005.1577,10513.9688,1648.7,-20.7,10
001413.000,4005.1577,10513.9688,1648.7,-20.7,10
001414.000,4005.1577,10513.9688,1648.7,-20.7,10
001415.000,4005.1577,10513.9688,1648.7,-20.7,10
001416.000,4005.1577,10513.9688,1648.7,-20.7,10
001417.000,4005.1577,10513.9688,1648.7,-20.7,10
001418.000,4005.1577,10513.9688,1648.6,-20.7,10
001419.000,4005.1577,10513.9688,1648.6,-20.7,10
001420.000,4005.1577,10513.9688,1648.6,-20.7,10
001421.000,4005.1577,10513.9688,1648.6,-20.7,10
001422.000,4005.1577,10513.9688,1648.6,-20.7,10
001423.000,4005.1577,10513.9688,1648.6,-20.7,10
001424.000,4005.1577,10513.9688,1648.6,-20.7,10
001425.000,4005.1577,10513.9688,1648.6,-20.7,10
001426.000,4005.1577,10513.9688,1648.6,-20.7,10
001427.000,4005.1577,10513.9688,1648.6,-20.7,10
001428.000,4005.1577,10513.9688,1648.5,-20.7,10
001429.000,4005.1577,10513.9688,1648.5,-20.7,10
001430.000,4005.1577,10513.9688,1648.5,-20.7,10
001431.000,4005.1577,10513.9688,1648.5,-20.7,10
001432.000,4005.1577,10513.9688,1648.5,-20.7,10
001433.000,4005.1577,10513.9688,1648.5,-20.7,10
001434.000,4005.1577,10513.9688,1648.5,-20.7,10
001435.000,4005.1577,10513.9688,1648.5,-20.7,10
001436.000,4005.1577,10513.9688,1648.5,-20.7,10
001437.000,4005.1577,10513.9688,1648.5,-20.7,10
001438.000,4005.1577,10513.9688,1648.5,-20.7,10
001439.000,4005.1577,10513.9688,1648.4,-20.7,10
001440.000,4005.1577,10513.9688,1648.4,-20.7,10
001441.000,4005.1577,10513.9688,1648.4,-20.7,10
001442.000,4005.1577,10513.9688,1648.4,-20.7,10
001443.000,4005.1577,10513.9688,1648.4,-20.7,10
001444.000,4005.1577,10513.9688,1648.4,-20.7,10
001445.000,4005.1577,10513.9688,1648.4,-20.7,10
001446.000,4005.1577,10513.9688,1648.4,-20.7,10
001447.000,4005.1577,10513.9688,1648.4,-20.7,10
001448.000,4005.1577,10513.9688,1648.4,-20.7,10
001449.000,4005.1577,10513.9688,1648.4,-20.7,10
001450.000,4005.1577,10513.9688,1648.3,-20.7,10
001451.000,4005.1577,10513.9688,1648.3,-20.7,10
001452.000,4005.1577,10513.9688,1648.3,-20.7,10
001453.000,4005.1577,10513.9688,1648.3,-20.7,10
001454.000,4005.1577,10513.9688,1648.3,-20.7,10
001455.000,4005.1577,10513.9688,1648.3,-20.7,10
001456.000,4005.1577,10513.9688,1648.3,-20.7,10
001457.000,4005.1577,10513.9688,1648.3,-20.7,10
001458.000,4005.1577,10513.9688,1648.3,-20.7,10
001459.000,4005.1577,10513.9688,1648.3,-20.7,10
001500.000,4005.1577,10513.9688,1648.3,-20.7,10
001501.000,4005.1577,10513.9688,1648.2,-20.7,10
001502.000,4005.1577,10513.9688,1648.2,-20.7,10
001503.000,4005.1577,10513.9688,1648.2,-20.7,10
001504.000,4005.1577,10513.9688,1648.2,-20.7,10
001505.000,4005.1577,10513.9688,1648.2,-20.7,10
001506.000,4005.1577,10513.9688,1648.2,-20.7,10
001507.000,4005.1577,10513.9688,1648.2,-20.7,10
001508.000,4005.1577,10513.9688,1648.2,-20.7,10
001509.000,4005.1577,10513.9688,1648.2,-20.7,10
001510.000,4005.1577,10513.9688,1648.2,-20.7,10
001511.000,4005.1577,10513.9688,1648.2,-20.7,10
001512.000,4005.1577,10513.9688,1648.1,-20.7,10
001513.000,4005.1577,10513.9688,1648.1,-20.7,10
001514.000,4005.1577,10513.9688,1648.1,-20.7,10
001515.000,4005.1577,10513.9688,1648.1,-20.7,10
001516.000,4005.1577,10513.9688,1648.1,-20.7,10
001517.000,4005.1577,10513.9688,1648.1,-20.7,10
001518.000,4005.1577,10513.9688,1648.1,-20.7,10
001519.000,4005.1577,10513.9688,1648.1,-20.7,10
001520.000,4005.1577,10513.9688,1648.0,-20.7,10
001521.000,4005.1577,10513.9688,1648.0,-20.7,10
001522.000,4005.1577,10513.9688,1648.0,-20.7,10
001523.000,4005.1577,10513.9689,1647.9,-20.7,10
001524.000,4005.1577,10513.9688,1645.9,-20.7,10
001525.000,4005.1579,10513.9686,1644.3,-20.7,10
001526.000,4005.1581,10513.9685,1642.6,-20.7,10
001527.000,4005.1582,10513.9685,1641.1,-20.7,10
001710.000,4005.1580,10513.9699,1608.5,-20.7,09
001711.000,4005.1579,10513.9699,1608.5,-20.7,09
001720.000,4005.1580,10513.9699,1608.5,-20.7,09
001721.000,4005.1580,10513.9699,1608.5,-20.7,09
001722.000,4005.1580,10513.9699,1608.4,-20.7,09
001723.000,4005.1580,10513.9699,1608.4,-20.7,09
001906.000,4005.1580,10513.9700,1607.7,-20.7,09
001907.000,4005.1580,10513.9700,1607.7,-20.7,09
