235328.309,29.4408984649,12.1415912351,11.8771156957,11.8865137181
235450.000,30.9009430219,10.8395515,22.4055619984,11.8883887753
235500.000,30.8959428694,10.7915500351,19.4898480178,11.8883887753
235502.000,30.8159404279,10.7735494858,19.4429715873,11.8883887753
235503.000,30.7759392071,10.7735494858,19.4132831812,11.8888575396
235505.000,30.7359379864,10.7675493027,19.3710943937,11.8888575396
235507.000,30.6709360027,10.7615491195,19.3226554155,11.8883887753
235508.000,30.6409350871,10.7555489364,19.2914044618,11.8883887753
235510.000,30.5959337138,10.7555489364,19.250778222,11.8883887753
235512.000,30.5509323405,10.7555489364,19.2007766961,11.8883887753
235513.000,30.5259315775,10.7495487533,19.17108829,11.8888575396
235515.000,30.5059309671,10.7435485702,19.1273369549,11.8888575396
235517.000,30.445929136,10.7435485702,19.0710852382,11.8883887753
235518.000,30.4309286782,10.7435485702,19.0320215461,11.8888575396
235520.000,30.4209283731,10.7435485702,18.9757698294,11.8883887753
235522.000,30.4059279153,10.7375483871,18.9117053743,11.8883887753
235523.000,30.4059279153,10.731548204,18.8742042299,11.8883887753
235525.000,30.4059279153,10.7375483871,18.8273277993,11.8883887753
235527.000,30.4059279153,10.7375483871,18.7679509873,11.8883887753
235528.000,30.4159282205,10.731548204,18.7288872951,11.8883887753
235530.000,30.4159282205,10.731548204,18.6679479354,11.8883887753
235532.000,30.4059279153,10.7255480209,18.5726325266,11.8883887753
235533.000,30.3959276101,10.7255480209,18.4960676901,11.8883887753
235535.000,30.3809271523,10.7255480209,18.3695013276,11.8874512467
235537.000,30.3509262368,10.7255480209,18.1038682211,11.887920011
235538.000,30.3409259316,10.7255480209,17.6069780572,11.887920011
235540.000,30.3409259316,10.7255480209,17.364783166,11.8883887753
235542.000,30.3259254738,10.7255480209,17.2757179479,11.8813573107
235543.000,30.3259254738,10.7255480209,17.221028779,11.8785447249
235545.000,30.3159251686,10.7255480209,17.1491515854,11.8729195532
235547.000,30.2759239479,10.7255480209,17.0710242012,11.8640130314
235548.000,30.2409228797,10.7255480209,17.0241477706,11.8597941527
235550.000,30.2059218116,10.7255480209,16.9585207678,11.8527626881
235552.000,30.1359196753,10.731548204,16.8850810266,11.8447936949
235553.000,30.1109189123,10.7255480209,16.8413296915,11.8391685232
235555.000,30.065917539,10.7255480209,16.7788277841,11.8293244728
235557.000,29.9859150975,10.7375483871,16.7116382336,11.8190116581
235558.000,29.9459138768,10.7495487533,16.6663243507,11.8115114292
235600.000,29.905912656,10.7555489364,16.6100726341,11.8007298502
235602.000,29.8409106723,10.7555489364,16.5428830836,11.7894795068
235603.000,29.8009094516,10.7615491195,16.5038193915,11.7815105136
235605.000,29.7459077731,10.7675493027,16.4475676748,11.7726039918
235607.000,29.6709054842,10.7735494858,16.3850657674,11.7608848842
235608.000,29.6309042634,10.785549852,20.4711279641,11.752915891
235752.000,28.4058668783,11.1215601062,20.4789407025,11.759009827
235802.000,28.3558653523,11.1515610218,16.9897717215,11.759009827
235803.000,28.3458650472,11.1575612049,16.9522705771,11.7604161199
235805.000,28.3408648946,11.1575612049,16.9022690512,11.7599473556
235807.000,28.3308645894,11.1695615711,16.8428922391,11.7594785913
235808.000,28.3258644368,11.1755617542,16.8053910947,11.7594785913
235810.000,28.3158641316,11.1815619373,16.7585146641,11.759009827
235812.000,28.310863979,11.1875621204,16.7007003998,11.7604161199
235813.000,28.3058638264,11.1935623035,16.6663243507,11.7599473556
235815.000,28.310863979,11.1995624866,16.6194479202,11.7585410627
235817.000,28.2958635212,11.2115628529,16.5663212989,11.757603534
235818.000,28.2908633686,11.2115628529,16.5350703452,11.7580722983
235820.000,28.2808630634,11.217563036,16.4881939146,11.7599473556
235822.000,28.2808630634,11.2295634022,16.436629841,11.7604161199
235823.000,28.2808630634,11.2295634022,16.4053788873,11.7594785913
235825.000,28.2758629109,11.2355635853,16.3616275521,11.7594785913
235827.000,28.2608624531,11.2415637684,16.3116260262,11.7608848842
235828.000,28.2608624531,11.2475639515,16.2819376202,11.7613536485
235830.000,28.2508621479,11.2535641346,16.2413113804,11.7613536485
235832.000,28.2458619953,11.2595643178,16.1944349498,11.7608848842
235833.000,28.2408618427,11.2595643178,16.1663090915,11.7627599414
235835.000,28.2358616901,11.2655645009,16.124120304,11.7613536485
235837.000,28.2258613849,11.2655645009,16.0788064211,11.7604161199
235838.000,28.2258613849,11.271564684,16.0506805628,11.7594785913
235840.000,28.2208612323,11.2775648671,16.0131794183,11.7604161199
235842.000,28.2158610797,11.2835650502,15.9678655354,11.7613536485
235843.000,28.2108609272,11.2835650502,15.9413022248,11.7622911771
235845.000,28.2058607746,11.2955654164,15.9038010804,11.7585410627
235847.000,28.200860622,11.2955654164,15.8616122929,11.7618224128
235848.000,28.1958604694,11.3075657826,15.8350489822,11.7608848842
235850.000,28.1858601642,11.3075657826,15.7991103854,11.7665100558
235852.000,28.1858601642,11.3135659658,15.7584841456,11.7749478133
235853.000,28.1858601642,11.3135659658,15.7350459304,11.7796354564
235855.000,28.175859859,11.3135659658,15.6991073336,11.7796354564
235857.000,28.1808600116,11.3135659658,15.6600436415,11.7880732139
235858.000,28.1808600116,11.325566332,20.4758156072,11.7904170354
000042.000,27.9158519242,11.4515701773,20.575818659,11.8026049074
000052.000,27.9108517716,11.4635705435,17.0803994873,11.8321370586
000053.000,27.9108517716,11.4695707266,16.5522583697,11.8321370586
000055.000,27.9158519242,11.4755709098,16.4006912442,11.8354184088
000057.000,27.9158519242,11.4755709098,16.3303765984,11.8401060518
000058.000,27.9158519242,11.487571276,16.2881878109,11.8386997589
000100.000,27.9208520768,11.487571276,16.2334986419,11.8386997589
000102.000,27.9208520768,11.487571276,16.1725592822,11.8405748161
000103.000,27.9208520768,11.487571276,16.1350581378,11.8410435804
000105.000,27.9208520768,11.4935714591,16.0850566118,11.8438561663
000107.000,27.9208520768,11.4995716422,16.0272423475,11.8410435804
000108.000,27.9208520768,11.4935714591,15.9928662984,11.841981109
000110.000,27.9208520768,11.4935714591,15.9444273202,11.8429186377
000112.000,27.930852382,11.4995716422,15.8928632466,11.8401060518
000113.000,27.930852382,11.5055718253,15.8600497452,11.8410435804
000115.000,27.930852382,11.5055718253,15.81629841,11.8424498733
000117.000,27.930852382,11.5055718253,15.7662968841,11.8424498733
000118.000,27.930852382,11.5175721915,15.7350459304,11.8396372875
000120.000,27.930852382,11.5175721915,15.6928571429,11.8401060518
000122.000,27.930852382,11.5175721915,15.6459807123,11.8410435804
000123.000,27.930852382,11.5295725578,15.6162923063,11.8386997589
000125.000,27.930852382,11.5295725578,15.5756660665,11.8438561663
000127.000,27.930852382,11.5355727409,15.5303521836,11.8424498733
000128.000,27.930852382,11.5355727409,15.503788873,11.8429186377
000130.000,27.930852382,11.541572924,15.4662877285,11.8424498733
000132.000,27.930852382,11.5475731071,15.4225363933,11.8405748161
000133.000,27.930852382,11.5475731071,15.394410535,11.8415123447
000135.000,27.930852382,11.541572924,15.3584719382,11.8438561663
000137.000,27.9208520768,11.5535732902,15.3162831507,11.8424498733
000138.000,27.9208520768,11.5535732902,15.2912823878,11.841981109
000140.000,27.9208520768,11.5655736564,15.2569063387,11.8429186377
000142.000,27.9108517716,11.5595734733,15.2162800989,11.843387402
000143.000,27.9158519242,11.5775740226,15.1912793359,11.843387402
000145.000,27.905851619,11.5775740226,15.1569032868,11.8424498733
000147.000,27.905851619,11.5835742058,15.1194021424,11.8429186377
000148.000,27.905851619,11.5835742058,15.0944013794,11.8424498733
000150.000,27.8958513138,11.5835742058,15.0631504257,11.843387402
000152.000,27.8908511612,11.5835742058,15.0256492813,11.8424498733
000153.000,27.8908511612,11.5835742058,15.0037736137,11.843387402
000155.000,27.880850856,11.5895743889,14.9709601123,11.8424498733
000157.000,27.8708505509,11.5895743889,14.9350215155,11.8438561663
000158.000,27.8758507035,11.595574572,14.913145848,11.8429186377
000200.000,27.8758507035,11.5895743889,14.8834574419,11.843387402
000202.000,27.8708505509,11.6015747551,14.8490813929,11.8424498733
000203.000,27.8758507035,11.6015747551,14.8272057253,11.8424498733
000205.000,27.8658503983,11.6015747551,14.7990798669,11.8424498733
000207.000,27.8508499405,11.6015747551,14.7647038179,11.8424498733
000208.000,27.8508499405,11.6075749382,14.744390698,11.8429186377
000210.000,27.8458497879,11.6015747551,14.7162648396,11.843387402
000212.000,27.8458497879,11.6135751213,14.6850138859,11.843387402
000213.000,27.8408496353,11.6135751213,14.6631382183,11.843387402
000215.000,27.8358494827,11.6135751213,14.6381374554,11.843387402
000217.000,27.8358494827,11.6135751213,14.605323954,11.843387402
000218.000,27.8258491775,11.6135751213,14.5850108341,11.8429186377
000220.000,27.8158488723,11.6135751213,14.5600100711,11.843387402
000222.000,27.8158488723,11.6195753044,14.5287591174,11.843387402
000223.000,27.8158488723,11.6255754875,14.5115710929,11.843387402
000225.000,27.8158488723,11.6195753044,14.4834452345,11.8438561663
000227.000,27.8108487197,11.6255754875,14.4553193762,11.843387402
000228.000,27.8108487197,11.6195753044,20.5117542039,11.843387402
000412.000,31.6059645375,10.353536668,20.4695654164,11.8902638325
000422.000,31.9959764397,10.1795313578,16.1256828516,11.8907325968
000423.000,32.0509781182,10.1615308084,20.5601931822,11.8907325968
000607.000,35.0260689108,8.87749162267,20.5742561113,11.8921388897
000654.102,36.3261085849,8.21147129734,15.6631687368,11.8930764183
000815.000,37.6511490219,7.61745316935,20.5898815882,11.894013947
000825.000,37.8161540574,7.53345060579,16.5788216803,11.894013947
000827.000,37.846154973,7.52745042268,16.5303827021,11.8944827113
000828.000,37.8661555834,7.52745042268,16.5006942961,11.8944827113
000830.000,37.9061568041,7.50944987335,16.461630604,11.8944827113
000832.000,37.9261574145,7.50944987335,16.4147541734,11.8949514756
000833.000,37.9511581774,7.50344969024,16.3897534104,11.8944827113
000835.000,37.981159093,7.49144932402,16.3538148137,11.8944827113
000837.000,37.9911593982,7.47944895779,16.3131885739,11.8949514756
000838.000,38.0011597034,7.47344877468,16.2850627155,11.8949514756
000840.000,38.0211603137,7.46144840846,16.2522492141,11.8949514756
000842.000,38.0411609241,7.44944804224,16.2116229743,11.8949514756
000843.000,38.0561613819,7.44344785913,16.1881847591,11.8949514756
000845.000,38.0761619922,7.4314474929,16.15380871,11.8949514756
000847.000,38.0961626026,7.4314474929,16.1163075655,11.8949514756
000848.000,38.1061629078,7.41944712668,16.0944318979,11.8949514756
000850.000,38.1361638234,7.39544639424,16.0616183966,11.8949514756
000852.000,38.1661647389,7.38344602802,16.0241172521,11.8954202399
000853.000,38.1911655019,7.37144566179,16.0038041322,11.8944827113
000855.000,38.22616657,7.35944529557,15.9694280831,11.8958890042
000857.000,38.2561674856,7.33544456313,15.9413022248,11.8954202399
000858.000,38.2711679434,7.32344419691,15.9163014618,11.8954202399
000900.000,38.3111691641,7.32344419691,15.8834879604,11.8963577685
000902.000,38.3461702322,7.30544364757,15.8522370067,11.8958890042
000903.000,38.36117069,7.30544364757,15.8334864345,11.8930764183
000905.000,38.4011719108,7.29944346446,15.8053605762,11.8860449538
000907.000,38.4411731315,7.28744309824,15.7741096225,11.8785447249
000908.000,38.4561735893,7.28744309824,15.7569215979,11.8705757317
000910.000,38.4911746574,7.28744309824,15.7287957396,11.8569815668
000912.000,38.5161754204,7.28144291513,15.702232429,11.8429186377
000913.000,38.5161754204,7.28144291513,15.6834818567,11.8349496445
000915.000,38.5111752678,7.28144291513,15.6584810938,11.8227617725
000917.000,38.4911746574,7.28144291513,15.6303552355,11.808230079
000918.000,38.4511734367,7.28744309824,15.6131672109,11.8016673788
000920.000,38.3561705374,7.31144383068,15.5866039003,11.7890107425
000922.000,38.2711679434,7.34144474624,15.5569154942,11.775885342
000923.000,38.1961656545,7.34744492935,15.5412900174,11.7665100558
000925.000,38.0661616871,7.38944621113,15.5194143498,11.7538534196
000927.000,37.9311575671,7.42544730979,15.4912884915,11.7402592547
000928.000,37.8561552782,7.44944804224,15.4741004669,11.7313527329
000930.000,37.7211511582,7.51545005646,15.4522247993,11.7233837397
000932.000,37.5811468856,7.56945170446,15.4256614887,11.7233837397
000933.000,37.4811438337,7.58745225379,20.3976882229,11.7276026185
001117.000,33.1360112308,8.99149510178,20.4180013428,11.7707289346
001127.000,33.1660121464,8.98549491867,15.9959913938,11.7749478133
001128.000,33.171012299,8.99149510178,20.3039353618,11.7772916349
001312.000,32.3059859004,9.32150517289,20.2914349803,11.8110426649
001322.000,32.1309805597,9.41150791955,16.039742729,11.8119801935
001323.000,32.1059797967,9.41150791955,16.014741966,11.8124489578
001325.000,32.0859791864,9.42350828578,15.9803659169,11.8115114292
001327.000,32.0609784234,9.435508652,15.9428647725,11.8115114292
001328.000,32.0459779656,9.44150883511,15.9194265572,11.8110426649
001330.000,32.0259773553,9.44150883511,15.8881756035,11.8138552507
001332.000,32.0009765923,9.45350920133,15.8537995544,11.8185428938
001333.000,31.9809759819,9.45950938444,15.8303613392,11.8213554796
001335.000,31.9609753716,9.45950938444,15.8022354808,11.8279181799
001337.000,31.9209741508,9.47750993377,15.7694219794,11.8340121158
001338.000,31.9159739982,9.47750993377,15.7475463118,11.8396372875
001340.000,31.8959733879,9.4895103,15.7209830012,11.8447936949
001342.000,31.8709726249,9.49551048311,15.6881694998,11.8438561663
001343.000,31.8609723197,9.50751084933,15.6694189276,11.8452624592
001345.000,31.8509720145,9.51951121555,15.6412930692,11.8443249306
001347.000,31.8359715567,9.52551139866,15.6100421155,11.8438561663
001348.000,31.8259712516,9.52551139866,15.5912915433,11.843387402
001350.000,31.8159709464,9.53751176489,15.5647282327,11.8443249306
001352.000,31.8009704886,9.543511948,15.533477279,11.8429186377
001353.000,31.7909701834,9.55551231422,15.5162892544,11.843387402
001355.000,31.7759697256,9.56151249733,15.4897259438,11.8424498733
001357.000,31.7609692679,9.57951304666,15.4600375378,11.8447936949
001358.000,31.7609692679,9.58551322977,15.4428495132,11.843387402
001400.000,31.7509689627,9.597513596,15.419411298,11.843387402
001402.000,31.7359685049,9.60351377911,15.3897228919,11.8443249306
001403.000,31.7209680471,9.60951396222,15.3740974151,11.8443249306
001405.000,31.7159678945,9.62751451155,15.3490966521,11.8438561663
001407.000,31.6809668264,9.64551506088,15.3225333415,11.843387402
001408.000,31.6659663686,9.65751542711,15.3053453169,11.8424498733
001410.000,31.6459657582,9.66951579333,15.2834696493,11.8443249306
001412.000,31.635965453,9.68751634266,15.255343791,11.8447936949
001413.000,31.6159648427,9.69951670888,15.2397183142,11.8457312235
001415.000,31.6059645375,9.69951670888,15.2162800989,11.8457312235
001417.000,31.5909640797,9.71151707511,15.1897167882,11.8452624592
001418.000,31.5909640797,9.71751725822,15.1740913114,11.8447936949
001420.000,31.5809637745,9.72951762444,15.1506530961,11.8443249306
001422.000,31.5759636219,9.73551780755,15.1272148808,11.8443249306
001423.000,31.5759636219,9.74151799066,15.111589404,11.843387402
001425.000,31.5559630116,9.74751817377,15.0897137364,11.8447936949
001427.000,31.550962859,9.74751817377,15.0631504257,11.8438561663
001428.000,31.5459627064,9.75351835688,15.0506500443,11.843387402
001430.000,31.5359624012,9.75951853999,15.027211829,11.8452624592
001432.000,31.5109616382,9.77151890622,15.0037736137,11.8438561663
001433.000,31.5059614856,9.76551872311,14.9897106845,11.8457312235
001435.000,31.4959611805,9.77751908933,14.9678350169,11.8457312235
001437.000,31.4809607227,9.77751908933,14.9443968017,11.8447936949
001438.000,31.4709604175,9.77751908933,14.9303338725,11.8452624592
001440.000,31.4609601123,9.78951945555,14.9100207526,11.8443249306
001442.000,31.4409595019,9.79551963866,14.888145085,11.843387402
001443.000,31.4309591968,9.79551963866,14.8725196081,11.843387402
001445.000,31.4209588916,9.80752000488,14.8553315836,11.8438561663
001447.000,31.4059584338,9.81352018799,14.8318933683,11.8443249306
001448.000,31.3959581286,9.81952037111,14.8178304392,11.8443249306
001450.000,31.3759575182,9.82552055422,14.7990798669,11.8443249306
001452.000,31.3459566027,9.83752092044,14.7772041993,11.8443249306
001453.000,31.3309561449,9.84352110355,14.7631412702,11.8443249306
001455.000,31.3159556871,9.85552146977,14.7459532456,11.8443249306
001457.000,31.3009552293,9.86152165288,14.7240775781,11.8447936949
001458.000,31.2859547716,9.8735220191,14.7100146489,11.8438561663
001500.000,31.2659541612,9.88552238533,14.6928266243,11.8438561663
001502.000,31.255953856,9.89752275155,14.6693884091,11.8443249306
001503.000,31.2459535508,9.90952311777,14.6568880276,11.8438561663
001505.000,31.2309530931,9.90952311777,14.6381374554,11.8438561663
001507.000,31.2109524827,9.9275236671,14.6178243355,11.8447936949
001508.000,31.1959520249,9.9275236671,14.605323954,11.8443249306
001510.000,31.1809515671,9.93952403333,14.5896984771,11.8438561663
001512.000,31.1609509568,9.95152439955,14.5678228095,11.8438561663
001513.000,31.1509506516,9.95752458266,14.5568849757,11.8443249306
001515.000,31.1259498886,9.96352476577,14.5381344035,11.8443249306
001517.000,31.1059492782,9.97552513199,14.5178212836,11.8447936949
001518.000,31.0809485153,9.9815253151,14.5068834498,11.8461999878
001520.000,31.0509475997,9.99352568133,14.4896954253,11.8485438093
001522.000,31.0309469893,9.99952586444,14.4709448531,11.8551065096
001523.000,31.010946379,9.99952586444,14.4600070193,11.858856624
001525.000,30.985945616,10.0115262307,14.4428189947,11.8640130314
001527.000,30.9709451582,10.0115262307,20.4820657979,11.8677631458
001711.000,35.441081576,9.08749803156,20.1664311655,11.8954202399
001721.000,35.7510910367,8.93149327067,15.7897350993,11.8954202399
001723.000,35.8260933256,8.90149235511,20.4039384136,11.8958890042
001907.000,33.2860158086,9.25550315867,20.1445554979,11.8921388897
