220448.298,3.76248982208,0.00582459181494,3.33028913236,
220609.000,3.75048945585,1.13265898007,3.32991412091,
220621.000,3.76023975341,0.00702462843715,3.32972661519,
220623.000,3.76042725913,0.00717463301492,3.32972661519,
220624.000,3.76042725913,0.00702462843715,3.32972661519,
220626.000,3.76042725913,0.00702462843715,3.32972661519,
220628.000,3.76042725913,0.00672461928159,3.32972661519,
220629.000,3.76042725913,0.00702462843715,3.32972661519,
220631.000,3.76042725913,0.00702462843715,3.32991412091,
220633.000,3.76042725913,0.00702462843715,3.32991412091,
220634.000,3.76042725913,0.00702462843715,3.32991412091,
220636.000,3.76042725913,0.00702462843715,3.32972661519,
220638.000,3.76042725913,0.00717463301492,3.32991412091,
220639.000,3.76023975341,0.00702462843715,3.32972661519,
220641.000,3.76042725913,0.00702462843715,3.32991412091,
220643.000,3.76042725913,0.00687462385937,3.32991412091,
220644.000,3.76042725913,0.00702462843715,3.32991412091,
220646.000,3.76042725913,0.00687462385937,3.32991412091,
220648.000,3.76042725913,0.00702462843715,3.32991412091,
220649.000,3.76042725913,0.00687462385937,3.32972661519,
220651.000,3.76023975341,0.00702462843715,3.32972661519,
220653.000,3.76023975341,0.00687462385937,3.32991412091,
220654.000,3.76005224769,0.00717463301492,3.32991412091,
220656.000,3.76023975341,0.00702462843715,3.32991412091,
220658.000,3.76005224769,0.00717463301492,3.32991412091,
220659.000,3.76005224769,0.00702462843715,3.32972661519,
220701.000,3.76005224769,0.00702462843715,3.32972661519,
220703.000,3.76005224769,0.00702462843715,3.32972661519,
220704.000,3.76005224769,0.00702462843715,3.32991412091,
220706.000,3.76005224769,0.00702462843715,3.32972661519,
220708.000,3.76005224769,0.00702462843715,3.32991412091,
220709.000,3.76005224769,0.00717463301492,3.32991412091,
220711.000,3.75986474197,-0.000325595873897,3.32972661519,
220713.000,3.76005224769,0.000574431592761,3.32991412091,
220714.000,3.76005224769,0.0016244636372,3.32972661519,
220716.000,3.75986474197,0.00132445448164,3.32972661519,
220718.000,3.75986474197,0.000574431592761,3.32972661519,
220719.000,3.76005224769,0.000574431592761,3.32972661519,
220721.000,3.75986474197,0.00177446821497,3.32972661519,
220723.000,3.75986474197,0.00267449568163,3.32972661519,
220724.000,3.75986474197,0.0022244819483,3.32972661519,
220726.000,3.75986474197,0.000874440748314,3.32972661519,
220728.000,3.75986474197,0.00177446821497,3.32972661519,
220729.000,3.75986474197,0.000874440748314,3.32972661519,
220731.000,3.75986474197,0.00132445448164,3.32972661519,
220733.000,3.75986474197,0.00297450483718,3.32972661519,
220734.000,3.75986474197,0.00117444990387,3.32972661519,
220736.000,3.75967723624,0.00177446821497,3.32972661519,
220738.000,3.75967723624,0.00267449568163,3.32972661519,
220739.000,3.75967723624,0.00252449110385,3.32972661519,
220741.000,3.75967723624,0.00252449110385,3.32972661519,
220743.000,3.75967723624,0.00267449568163,3.32972661519,
220744.000,3.75948973052,0.000874440748314,3.32972661519,
220746.000,3.75967723624,-0.00422571489608,3.32972661519,
220748.000,3.75967723624,-0.00992588885159,3.32972661519,
220749.000,3.75948973052,-0.00512574236274,3.32972661519,
220751.000,3.7593022248,-0.00107561876278,3.32972661519,
220753.000,3.7593022248,-0.00137562791833,3.32953910947,
220754.000,3.75948973052,-0.000775609607227,3.32972661519,
220756.000,3.7593022248,0.00627460554827,3.32972661519,
220758.000,3.7593022248,0.0173749443037,3.32972661519,
220759.000,3.7593022248,0.0151248756371,3.32953910947,
220801.000,3.7593022248,0.0136248298593,3.32972661519,
220803.000,3.7593022248,0.0112247566149,3.32953910947,
220804.000,3.7593022248,0.00927469710379,3.32972661519,
220806.000,3.7593022248,0.0121247840815,3.32972661519,
220808.000,3.75911471908,0.0229251136814,3.32991412091,
220809.000,3.7593022248,0.0301253334147,3.32972661519,
220811.000,3.75911471908,0.0320753929258,3.32953910947,
220813.000,3.75911471908,0.0353754936369,3.32972661519,
220814.000,3.75911471908,0.0278752647481,3.32972661519,
220816.000,3.75911471908,0.0230751182592,3.32972661519,
220818.000,3.75892721335,0.0311753654592,3.32972661519,
220819.000,3.7593022248,0.0395756218146,3.32972661519,
220821.000,3.75892721335,0.0428757225257,3.32991412091,
220823.000,3.75892721335,0.0371755485702,3.32972661519,
220824.000,3.75911471908,0.0472258552812,3.32991412091,
220826.000,3.75911471908,0.0448257820368,3.32972661519,
220828.000,3.75911471908,0.0365755302591,3.32991412091,
220829.000,3.75911471908,0.0313253700369,3.32991412091,
220831.000,3.75911471908,0.0322253975036,3.32972661519,
220833.000,3.75873970763,0.0490259102145,3.32972661519,
220834.000,3.75892721335,0.0424257087924,3.32972661519,
220836.000,3.75873970763,0.0421256996368,3.32991412091,
220838.000,3.74973943297,1.11045830256,3.32972661519,
221022.000,3.74317673269,1.11135833003,3.32953910947,
221032.000,3.75330204169,0.0391256080813,3.32953910947,
221034.000,3.74373924986,1.12980889309,3.32953910947,
221218.000,3.73717654958,1.14015920896,3.32935160375,
221228.000,3.74973943297,0.0350754844813,3.32935160375,
221229.000,3.74955192724,0.0353754936369,3.32935160375,
221231.000,3.74992693869,0.0412256721702,3.32935160375,
221233.000,3.74992693869,0.0404756492813,3.32916409803,
221234.000,3.75011444441,0.0409256630146,3.32935160375,
221236.000,3.75011444441,0.0406256538591,3.32935160375,
221238.000,3.75011444441,0.0392756126591,3.32916409803,
221239.000,3.75011444441,0.0389756035035,3.32935160375,
221241.000,3.75011444441,0.0365755302591,3.32935160375,
221243.000,3.75030195013,0.0374755577258,3.32916409803,
221244.000,3.75030195013,0.0409256630146,3.32916409803,
221246.000,3.75030195013,0.044675777459,3.32916409803,
221248.000,3.75030195013,0.0451257911924,3.32916409803,
221249.000,3.75030195013,0.0436257454146,3.32935160375,
221251.000,3.74111416974,1.12755882443,3.32935160375,
221434.000,3.73473897519,1.13025890683,3.32935160375,
221444.000,3.74617682424,0.0464758323923,3.32953910947,
221446.000,3.74655183569,0.0449757866146,3.32935160375,
221448.000,3.74673934141,0.0442257637257,3.32935160375,
221449.000,3.74673934141,0.0481258827479,3.32953910947,
221451.000,3.74673934141,0.0464758323923,3.32935160375,
221453.000,3.74692684713,0.0439257545701,3.32953910947,
221454.000,3.74673934141,0.0484258919034,3.32953910947,
221456.000,3.74692684713,0.0472258552812,3.32935160375,
221458.000,3.74692684713,0.048725901059,3.32935160375,
221459.000,3.74711435286,0.0454258003479,3.32953910947,
221501.000,3.74711435286,0.0370255439924,3.32935160375,
221503.000,3.74711435286,0.0341754570147,3.32935160375,
221504.000,3.74692684713,0.0301253334147,3.32953910947,
221506.000,3.74711435286,0.0296753196814,3.32953910947,
221508.000,3.74730185858,0.0338754478591,3.32953910947,
221509.000,3.74711435286,0.0343254615925,3.32953910947,
221511.000,3.74711435286,0.031925388348,3.32953910947,
221513.000,3.7356765038,1.147959447,3.32953910947,
221657.000,3.73098886074,1.13325899838,3.32972661519,
221707.000,3.74336423841,0.0374755577258,3.32953910947,
221709.000,3.74355174413,0.0431757316813,3.32953910947,
221711.000,3.74373924986,0.0356755027924,3.32972661519,
221713.000,3.74373924986,0.0377755668813,3.32953910947,
221714.000,3.74392675558,0.0365755302591,3.32972661519,
221716.000,3.74392675558,0.0302753379925,3.32972661519,
221718.000,3.74392675558,0.027275246437,3.32953910947,
221719.000,3.74392675558,0.0269752372814,3.32953910947,
221721.000,3.7441142613,0.0317753837703,3.32953910947,
221723.000,3.7441142613,0.0278752647481,3.32972661519,
221724.000,3.7441142613,0.0280252693258,3.32953910947,
221726.000,3.7441142613,0.0280252693258,3.32972661519,
221728.000,3.7441142613,0.0265252235481,3.32953910947,
221729.000,3.7441142613,0.0281752739036,3.32953910947,
221731.000,3.7441142613,0.0302753379925,3.32972661519,
221733.000,3.74430176702,0.0329754203925,3.32953910947,
221734.000,3.7441142613,0.0326754112369,3.32972661519,
221736.000,3.74430176702,0.0316253791925,3.32972661519,
221738.000,3.74430176702,0.0281752739036,3.32972661519,
221739.000,3.7441142613,0.0304253425703,3.32972661519,
221741.000,3.74430176702,0.0263752189703,3.32972661519,
221743.000,3.7441142613,0.0295253151036,3.32972661519,
221744.000,3.7441142613,0.0299753288369,3.32972661519,
221746.000,3.74430176702,0.0284752830592,3.32972661519,
221748.000,3.74430176702,0.0310253608814,3.32972661519,
221749.000,3.7441142613,0.0271252418592,3.32972661519,
221751.000,3.74430176702,0.0322253975036,3.32972661519,
221753.000,3.7441142613,0.0302753379925,3.32972661519,
221754.000,3.73267641224,1.13820914945,3.32991412091,
221938.000,3.7272387463,1.13145894345,3.32972661519,
221948.000,3.74017664113,0.0224750999481,3.32972661519,
221949.000,3.72873879208,1.12650879238,3.32972661519,
222133.000,3.72536368908,1.08360748314,3.32991412091,
222143.000,3.73698904386,-0.00422571489608,3.32953910947,
222144.000,3.7272387463,1.07505722221,3.32953910947,
222328.000,3.72142606891,1.09725789972,3.32878908658,
