201700.082,3.68317490158,0.0113747611927,3.32953910947,
201821.000,3.66629938658,0.4709887875,3.32860158086,
201833.000,3.67811224708,0.0109247474593,3.32841407514,
201835.000,3.67811224708,0.0103247291482,3.32841407514,
201837.000,3.67792474136,0.0113747611927,3.32860158086,
201838.000,3.67792474136,0.0125747978149,3.32841407514,
201840.000,3.67792474136,0.0109247474593,3.32841407514,
201842.000,3.67792474136,0.0133248207038,3.32860158086,
201843.000,3.67773723563,0.0124247932371,3.32841407514,
201845.000,3.67792474136,0.0113747611927,3.32841407514,
201847.000,3.67773723563,0.0112247566149,3.32860158086,
201848.000,3.67773723563,0.0121247840815,3.32860158086,
201850.000,3.67773723563,0.0106247383038,3.32860158086,
201852.000,3.67754972991,0.0112247566149,3.32841407514,
201853.000,3.67754972991,0.0116747703482,3.32860158086,
201855.000,3.67754972991,0.0116747703482,3.32841407514,
201857.000,3.67754972991,0.011824774926,3.32860158086,
201858.000,3.67754972991,0.0113747611927,3.32841407514,
201900.000,3.67736222419,0.010474733726,3.32841407514,
201902.000,3.67736222419,0.0100247199927,3.32841407514,
201903.000,3.67736222419,0.0103247291482,3.32841407514,
201905.000,3.67736222419,0.0112247566149,3.32841407514,
201907.000,3.67736222419,0.0122747886593,3.32841407514,
201908.000,3.67736222419,0.00702462843715,3.32860158086,
201910.000,3.67717471847,0.00687462385937,3.32860158086,
201912.000,3.67717471847,0.00837466963713,3.32860158086,
201913.000,3.67717471847,0.00747464217048,3.32860158086,
201915.000,3.67698721274,0.00747464217048,3.32860158086,
201917.000,3.67717471847,0.00747464217048,3.32860158086,
201918.000,3.67698721274,0.00702462843715,3.32860158086,
201920.000,3.67679970702,0.00867467879269,3.32860158086,
201922.000,3.67679970702,0.00702462843715,3.32860158086,
201923.000,3.67679970702,0.00702462843715,3.32860158086,
201925.000,3.67679970702,0.00552458265938,3.32860158086,
201927.000,3.67679970702,0.00612460097049,3.32841407514,
201928.000,3.67679970702,0.00552458265938,3.32860158086,
201930.000,3.6766122013,0.00717463301492,3.32860158086,
201932.000,3.6766122013,0.00672461928159,3.32860158086,
201933.000,3.6766122013,0.00747464217048,3.32878908658,
201935.000,3.67642469558,0.00537457808161,3.32860158086,
201937.000,3.6766122013,0.00657461470382,3.32860158086,
201938.000,3.6766122013,0.00777465132603,3.32841407514,
201940.000,3.67623718986,0.00612460097049,3.32878908658,
201942.000,3.67623718986,-0.00137562791833,3.32860158086,
201943.000,3.67642469558,0.00432454603717,3.32841407514,
201945.000,3.67623718986,0.0073246375927,3.32841407514,
201947.000,3.67623718986,0.0164749168371,3.32822656941,
201948.000,3.67623718986,0.0280252693258,3.32860158086,
201950.000,3.67604968413,0.0248751731925,3.32841407514,
201952.000,3.67604968413,0.0292253059481,3.32803906369,
201953.000,3.67586217841,0.0265252235481,3.32785155797,
201955.000,3.67604968413,0.0356755027924,3.32747654653,
201957.000,3.67604968413,0.0250251777703,3.32747654653,
201958.000,3.67586217841,0.0244251594592,3.32766405225,
202000.000,3.67586217841,0.0209750541704,3.32747654653,
202002.000,3.67586217841,0.0254751915036,3.3272890408,
202003.000,3.67586217841,0.0338754478591,3.32710153508,
202005.000,3.67567467269,0.0142248481704,3.32747654653,
202007.000,3.67548716697,0.0431757316813,3.3272890408,
202008.000,3.67567467269,0.0565261391034,3.32710153508,
202010.000,3.67548716697,0.0608762718589,3.32710153508,
202012.000,3.67548716697,0.0526260200812,3.32710153508,
202013.000,3.67548716697,0.0427257179479,3.32710153508,
202015.000,3.67548716697,0.047375859859,3.32672652364,
202017.000,3.67548716697,0.0554761070589,3.32691402936,
202018.000,3.67548716697,0.0515759880367,3.32672652364,
202020.000,3.67529966124,0.0425757133702,3.32672652364,
202022.000,3.67529966124,0.0515759880367,3.32672652364,
202023.000,3.67529966124,0.0611762810144,3.32672652364,
202025.000,3.67529966124,0.0530760338145,3.32653901791,
202027.000,3.67511215552,0.0509759697256,3.32672652364,
202028.000,3.67511215552,0.0451257911924,3.32672652364,
202030.000,3.67511215552,0.0536760521256,3.32653901791,
202032.000,3.6749246498,0.0371755485702,3.32635151219,
202033.000,3.67473714408,0.0431757316813,3.32653901791,
202035.000,3.6749246498,0.0481258827479,3.32672652364,
202037.000,3.67473714408,0.05607612537,3.32653901791,
202038.000,3.67473714408,0.0395756218146,3.32635151219,
202040.000,3.67473714408,0.0458758140812,3.32653901791,
202042.000,3.67473714408,0.0406256538591,3.32635151219,
202043.000,3.67436213263,0.0434757408368,3.32653901791,
202045.000,3.67454963836,0.051425983459,3.32653901791,
202047.000,3.67454963836,0.0568261482589,3.32616400647,
202048.000,3.67436213263,0.0704765648366,3.32635151219,
202050.000,3.67436213263,0.0736266609699,3.32616400647,
202052.000,3.67436213263,0.0713765923032,3.32616400647,
202053.000,3.67417462691,0.0616262947478,3.32635151219,
202055.000,3.67417462691,0.0347754753258,3.32635151219,
202057.000,3.67417462691,0.0532260383923,3.32616400647,
202058.000,3.67398712119,0.0371755485702,3.32616400647,
202100.000,3.67417462691,0.0521760063479,3.32616400647,
202102.000,3.67398712119,0.0554761070589,3.32616400647,
202103.000,3.67398712119,0.0148248664815,3.32616400647,
202105.000,3.67398712119,0.0680764915922,3.32616400647,
202107.000,3.67379961547,0.050075942259,3.32616400647,
202108.000,3.67379961547,0.0668764549699,3.32616400647,
202110.000,3.67361210974,0.0275752555925,3.32616400647,
202112.000,3.67361210974,0.0437757499924,3.32597650075,
202113.000,3.67342460402,0.0572761619922,3.32616400647,
202115.000,3.67342460402,0.0595262306589,3.32616400647,
202117.000,3.67342460402,0.0638763634144,3.32616400647,
202118.000,3.6732370983,0.0394256172369,3.32616400647,
202120.000,3.6732370983,0.0893771416364,3.32616400647,
202122.000,3.6732370983,0.0515759880367,3.32616400647,
202123.000,3.67304959258,0.0542760704367,3.32616400647,
202125.000,3.6732370983,0.0539760612812,3.32616400647,
202127.000,3.6732370983,0.0496259285257,3.32597650075,
202128.000,3.67304959258,0.0497759331034,3.32616400647,
202130.000,3.67304959258,0.0403256447035,3.32616400647,
202132.000,3.67286208686,0.0385255897702,3.32597650075,
202133.000,3.67286208686,0.0356755027924,3.32616400647,
202135.000,3.67286208686,0.0310253608814,3.32635151219,
202137.000,3.67267458113,0.0454258003479,3.32616400647,
202138.000,3.67248707541,0.0374755577258,3.32597650075,
202140.000,3.67248707541,0.0515759880367,3.32616400647,
202142.000,3.67248707541,0.0469258461257,3.32616400647,
202143.000,3.67248707541,0.0343254615925,3.32616400647,
202145.000,3.67248707541,0.0439257545701,3.32597650075,
202147.000,3.67229956969,0.0475258644368,3.32616400647,
202148.000,3.67229956969,0.0509759697256,3.32616400647,
202150.000,3.67229956969,0.0376255623035,3.32616400647,
202152.000,3.67211206397,0.0475258644368,3.32616400647,
202153.000,3.67192455824,0.0566761436811,3.32616400647,
202155.000,3.67192455824,0.0664264412366,3.32597650075,
202157.000,3.67192455824,0.0320753929258,3.32597650075,
202158.000,3.67173705252,0.0416756859035,3.32597650075,
202200.000,3.67173705252,0.0490259102145,3.32597650075,
202202.000,3.67173705252,0.0550260933256,3.32597650075,
202203.000,3.6715495468,0.0698765465255,3.32597650075,
202205.000,3.6715495468,0.05607612537,3.32616400647,
202207.000,3.6715495468,0.0517259926145,3.32616400647,
202208.000,3.67136204108,0.0521760063479,3.32616400647,
202210.000,3.67136204108,0.028625287637,3.32597650075,
202212.000,3.67117453536,0.0365755302591,3.32616400647,
202213.000,3.67098702963,0.0391256080813,3.32597650075,
202215.000,3.67098702963,0.0740766747032,3.32616400647,
202217.000,3.67098702963,0.0436257454146,3.32597650075,
202218.000,3.67079952391,0.0509759697256,3.32597650075,
202220.000,3.67079952391,0.0415256813257,3.32597650075,
202222.000,3.67079952391,0.0493259193701,3.32597650075,
202223.000,3.67079952391,0.0544260750145,3.32597650075,
202225.000,3.67079952391,0.0452757957701,3.32597650075,
202227.000,3.67042451247,0.0466258369701,3.32616400647,
202228.000,3.67061201819,0.0391256080813,3.32597650075,
202230.000,3.67042451247,0.0380755760369,3.32616400647,
202232.000,3.67042451247,0.0452757957701,3.32616400647,
202233.000,3.67004950102,0.017824958037,3.32597650075,
202235.000,3.67023700674,0.0287752922147,3.32616400647,
202237.000,3.67004950102,0.0517259926145,3.32597650075,
202238.000,3.6698619953,0.0461758232368,3.32616400647,
202240.000,3.6698619953,0.0517259926145,3.32635151219,
202242.000,3.6698619953,0.0419756950591,3.32597650075,
202243.000,3.66967448958,0.0445257728813,3.32616400647,
202245.000,3.66967448958,0.0343254615925,3.32616400647,
202247.000,3.66948698386,0.0584761986145,3.32616400647,
202248.000,3.66929947813,0.0713765923032,3.32616400647,
202250.000,3.66948698386,0.0452757957701,3.32616400647,
202252.000,3.66929947813,0.0406256538591,3.32597650075,
202253.000,3.66929947813,0.043325736259,3.32597650075,
202255.000,3.66929947813,0.0470758507035,3.32597650075,
202257.000,3.66892446669,0.0329754203925,3.32616400647,
202258.000,3.66873696097,0.0412256721702,3.32597650075,
202300.000,3.66892446669,0.0313253700369,3.32616400647,
202302.000,3.66854945524,0.0355254982147,3.32597650075,
202303.000,3.66854945524,0.0374755577258,3.32597650075,
202305.000,3.66873696097,0.0358255073702,3.32597650075,
202307.000,3.66854945524,0.030575347148,3.32616400647,
202308.000,3.66836194952,0.0478258735923,3.32616400647,
202310.000,3.66836194952,0.0599762443922,3.32635151219,
202312.000,3.6681744438,0.0947773064364,3.32616400647,
202313.000,3.66798693808,0.0482758873257,3.32597650075,
202315.000,3.66798693808,0.0437757499924,3.32597650075,
202317.000,3.66798693808,0.0530760338145,3.32616400647,
202318.000,3.66761192663,0.038675594348,3.32597650075,
202320.000,3.66779943236,0.0575761711478,3.32597650075,
202322.000,3.66761192663,0.0350754844813,3.32597650075,
202323.000,3.66742442091,0.0308753563036,3.32578899503,
202325.000,3.66761192663,0.0721266151921,3.32597650075,
202327.000,3.66723691519,0.0356755027924,3.32616400647,
202328.000,3.66723691519,0.0347754753258,3.32616400647,
202330.000,3.66723691519,0.0427257179479,3.32635151219,
202332.000,3.66704940947,0.0275752555925,3.32616400647,
202333.000,3.66704940947,0.0349254799036,3.32616400647,
202335.000,3.66686190374,0.0592262215033,3.32616400647,
202337.000,3.66686190374,0.0548760887478,3.32616400647,
202338.000,3.66667439802,0.0491759147923,3.32616400647,
202340.000,3.6664868923,0.0512759788812,3.32616400647,
202342.000,3.6664868923,0.0695765373699,3.32635151219,
202343.000,3.66629938658,0.0554761070589,3.32635151219,
202345.000,3.66629938658,0.0572761619922,3.32616400647,
202347.000,3.66611188086,0.0602762535478,3.32616400647,
202348.000,3.66592437513,0.0542760704367,3.32635151219,
202350.000,3.66592437513,0.0553261024812,3.32616400647,
202352.000,3.66592437513,0.0611762810144,3.32635151219,
202353.000,3.66573686941,0.0718266060366,3.32635151219,
202355.000,3.66573686941,0.0683765007477,3.32635151219,
202357.000,3.66554936369,0.0593762260811,3.32635151219,
202358.000,3.66554936369,-0.00497573778497,3.32616400647,
202400.000,3.66536185797,0.0253251869259,3.32616400647,
202402.000,3.66517435224,0.0620763084811,3.32616400647,
202403.000,3.66498684652,0.0434757408368,3.32616400647,
202405.000,3.66498684652,0.0557761162145,3.32616400647,
202407.000,3.6647993408,0.0458758140812,3.32616400647,
202408.000,3.66461183508,0.0421256996368,3.32616400647,
202410.000,3.6647993408,0.0548760887478,3.32616400647,
202412.000,3.66442432936,0.0535260475478,3.32616400647,
202413.000,3.66423682363,0.0427257179479,3.32616400647,
202415.000,3.66442432936,0.0253251869259,3.32597650075,
202417.000,3.66423682363,0.0583261940367,3.32597650075,
202418.000,3.66404931791,0.0670264595477,3.32616400647,
202420.000,3.66404931791,0.0355254982147,3.32597650075,
202422.000,3.66386181219,0.0502259468368,3.32578899503,
202423.000,3.66367430647,0.0631263405255,3.32616400647,
202425.000,3.66367430647,0.030575347148,3.32616400647,
202427.000,3.66348680074,0.0686765099033,3.32616400647,
202428.000,3.66329929502,0.0814268990143,3.32597650075,
202430.000,3.66329929502,0.0262252143925,3.32597650075,
202432.000,3.66329929502,0.0395756218146,3.32578899503,
202433.000,3.6631117893,0.0554761070589,3.32616400647,
202435.000,3.66292428358,0.0643263771477,3.32616400647,
202437.000,3.66273677786,0.0523260109256,3.32597650075,
202438.000,3.66273677786,0.0521760063479,3.32597650075,
202440.000,3.66254927213,0.0415256813257,3.32616400647,
202442.000,3.66236176641,0.0706265694143,3.32597650075,
202443.000,3.66217426069,0.0404756492813,3.32597650075,
202445.000,3.66217426069,0.0605762627033,3.32597650075,
202447.000,3.66198675497,0.0694265327921,3.32597650075,
202448.000,3.66198675497,0.0443757683035,3.32616400647,
202450.000,3.66179924924,0.0778267891476,3.32616400647,
202452.000,3.66161174352,0.0418256904813,3.32597650075,
202453.000,3.6614242378,0.0448257820368,3.32635151219,
202455.000,3.6614242378,0.0517259926145,3.32616400647,
202457.000,3.6614242378,0.0502259468368,3.32597650075,
202458.000,3.66104922636,0.0476758690146,3.32635151219,
202500.000,3.66086172063,0.0382255806146,3.32616400647,
202502.000,3.66086172063,0.0395756218146,3.32616400647,
202503.000,3.66067421491,0.048725901059,3.32597650075,
202505.000,3.66048670919,0.0376255623035,3.32616400647,
202507.000,3.66029920347,0.0529260292367,3.32616400647,
202508.000,3.66029920347,0.050075942259,3.32635151219,
202510.000,3.66011169774,0.0551760979034,3.32635151219,
202512.000,3.65992419202,0.046025818659,3.32635151219,
202513.000,3.65992419202,0.0308753563036,3.32635151219,
202515.000,3.65992419202,0.0320753929258,3.32635151219,
202517.000,3.65954918058,0.0568261482589,3.32616400647,
202518.000,3.65954918058,0.0584761986145,3.32635151219,
202520.000,3.65936167486,0.0314753746147,3.32653901791,
202522.000,3.65936167486,0.0299753288369,3.32635151219,
202523.000,3.65898666341,0.0364255256813,3.32635151219,
202525.000,3.65898666341,0.0349254799036,3.32616400647,
202527.000,3.65879915769,0.0428757225257,3.32635151219,
202528.000,3.65861165197,0.024575164037,3.32653901791,
202530.000,3.65861165197,0.0523260109256,3.32635151219,
202532.000,3.65842414624,0.0544260750145,3.32616400647,
202533.000,3.6580491348,0.0419756950591,3.32635151219,
202535.000,3.65823664052,0.0671764641255,3.32635151219,
202537.000,3.65786162908,0.0340254524369,3.32616400647,
202538.000,3.65767412336,0.0481258827479,3.32616400647,
202540.000,3.65767412336,0.00807466048158,3.32635151219,
202542.000,3.65729911191,0.0340254524369,3.32635151219,
202543.000,3.65729911191,0.0724266243477,3.32635151219,
202545.000,3.65729911191,0.0412256721702,3.32635151219,
202547.000,3.65711160619,0.0277252601703,3.32635151219,
202548.000,3.65673659474,0.031925388348,3.32653901791,
202550.000,3.65692410047,0.0236751365703,3.32616400647,
202552.000,3.65654908902,0.0320753929258,3.32653901791,
202553.000,3.6563615833,0.0280252693258,3.32635151219,
202555.000,3.6563615833,0.0107747428816,3.32653901791,
202557.000,3.65617407758,0.00282450025941,3.32672652364,
202558.000,3.65598657186,0.0457258095035,3.32635151219,
202600.000,3.65598657186,0.025925205237,3.32635151219,
202602.000,3.65579906613,0.0266752281259,3.32672652364,
202603.000,3.65561156041,0.0496259285257,3.32635151219,
202605.000,3.65542405469,0.0341754570147,3.32653901791,
202607.000,3.65542405469,-0.00422571489608,3.32653901791,
202608.000,3.65504904324,0.0244251594592,3.32653901791,
202610.000,3.65486153752,0.0236751365703,3.32635151219,
202612.000,3.65486153752,0.0517259926145,3.32635151219,
202613.000,3.6546740318,0.0316253791925,3.32635151219,
202615.000,3.65448652608,0.0358255073702,3.32635151219,
202617.000,3.65429902036,0.0364255256813,3.32653901791,
202618.000,3.65429902036,0.0668764549699,3.32635151219,
202620.000,3.65411151463,0.0154248847926,3.32653901791,
202622.000,3.65411151463,0.0442257637257,3.32653901791,
202623.000,3.65392400891,0.0484258919034,3.32635151219,
202625.000,3.65373650319,0.0449757866146,3.32635151219,
202627.000,3.65354899747,0.0239751457259,3.32635151219,
202628.000,3.65336149174,0.0296753196814,3.32653901791,
202630.000,3.65317398602,0.0467758415479,3.32616400647,
202632.000,3.6529864803,0.0367255348369,3.32616400647,
202633.000,3.6529864803,0.0251751823481,3.32616400647,
202635.000,3.65279897458,0.0349254799036,3.32635151219,
202637.000,3.65261146886,0.0329754203925,3.32635151219,
202638.000,3.65261146886,0.0349254799036,3.32616400647,
202640.000,3.65204895169,0.0299753288369,3.32653901791,
202642.000,3.65204895169,0.0280252693258,3.32635151219,
202643.000,3.65186144597,0.0302753379925,3.32635151219,
202645.000,3.65167394024,0.033275429548,3.32635151219,
202647.000,3.65167394024,0.0235251319926,3.32653901791,
202648.000,3.65148643452,0.0497759331034,3.32635151219,
202650.000,3.65111142308,0.0188749900815,3.32635151219,
202652.000,3.65111142308,0.0293753105258,3.32616400647,
202653.000,3.65111142308,-0.00707580187384,3.32635151219,
202655.000,3.65092391736,0.0406256538591,3.32635151219,
202657.000,3.65054890591,0.0449757866146,3.32653901791,
202658.000,3.65036140019,0.0316253791925,3.32653901791,
202700.000,3.65017389447,0.0238251411481,3.32653901791,
202702.000,3.64998638874,0.0142248481704,3.32672652364,
202703.000,3.64998638874,0.0116747703482,3.32653901791,
202705.000,3.64979888302,0.00567458723716,3.32672652364,
202707.000,3.6496113773,0.0016244636372,3.32653901791,
202708.000,3.6496113773,0.0155748893704,3.32653901791,
202710.000,3.64923636586,0.0166249214148,3.32672652364,
202712.000,3.64904886013,0.0197750175481,3.32653901791,
202713.000,3.64904886013,0.00447455061495,3.32672652364,
202715.000,3.64867384869,-0.0085758476516,3.32672652364,
202717.000,3.64848634297,0.0196250129704,3.32653901791,
202718.000,3.64848634297,0.0244251594592,3.32653901791,
202720.000,3.64811133152,-0.0124759666738,3.32672652364,
202722.000,3.6479238258,0.0401756401257,3.32691402936,
202723.000,3.64811133152,0.00627460554827,3.32653901791,
202725.000,3.6479238258,0.013174816126,3.32653901791,
202727.000,3.64773632008,0.00267449568163,3.32635151219,
202728.000,3.64736130863,0.00462455519272,3.32653901791,
202730.000,3.64736130863,-0.0118759483627,3.32672652364,
202732.000,3.64698629719,0.0257752006592,3.32672652364,
202733.000,3.64698629719,0.0428757225257,3.32635151219,
202735.000,3.64661128574,0.00747464217048,3.32635151219,
202737.000,3.64661128574,0.0185749809259,3.32635151219,
202738.000,3.64642378002,0.0310253608814,3.32653901791,
202740.000,3.64642378002,0.0404756492813,3.32653901791,
202742.000,3.64586126286,-0.00902586138493,3.32653901791,
202743.000,3.64604876858,0.00747464217048,3.32653901791,
202745.000,3.64567375713,0.010474733726,3.32653901791,
202747.000,3.64548625141,0.00807466048158,3.32653901791,
202748.000,3.64529874569,0.0350754844813,3.32653901791,
202750.000,3.64511123997,0.0313253700369,3.32653901791,
202752.000,3.64492373424,0.0128748069704,3.32653901791,
202753.000,3.64492373424,0.0290753013703,3.32653901791,
202755.000,3.64473622852,0.00597459639271,3.32672652364,
202757.000,3.64436121708,0.0239751457259,3.32672652364,
202758.000,3.64436121708,0.0329754203925,3.32653901791,
202800.000,3.64398620563,0.0407756584368,3.32672652364,
202802.000,3.64379869991,0.0331254249702,3.32653901791,
202803.000,3.64379869991,0.0173749443037,3.32672652364,
202805.000,3.64342368847,0.0041745414594,3.32653901791,
202807.000,3.64342368847,0.00342451857051,3.32653901791,
202808.000,3.64323618274,0.00462455519272,3.32672652364,
202810.000,3.64304867702,0.0197750175481,3.32653901791,
202812.000,3.6428611713,0.00387453230384,3.32653901791,
202813.000,3.64267366558,0.0125747978149,3.32672652364,
202815.000,3.64229865413,0.0277252601703,3.32653901791,
202817.000,3.64211114841,0.0041745414594,3.32653901791,
202818.000,3.64211114841,0.0203750358592,3.32653901791,
202820.000,3.64173613697,-0.00167563707389,3.32653901791,
202822.000,3.64173613697,0.0568261482589,3.32635151219,
202823.000,3.64173613697,-0.00467572862941,3.32635151219,
202825.000,3.64136112552,0.00252449110385,3.32653901791,
202827.000,3.64136112552,0.0209750541704,3.32635151219,
202828.000,3.6411736198,-0.00227565538499,3.32635151219,
202830.000,3.64079860836,0.00777465132603,3.32653901791,
202832.000,3.64042359691,0.0247251686148,3.32672652364,
202833.000,3.64042359691,-0.00752581560717,3.32672652364,
202835.000,3.64042359691,0.00552458265938,3.32653901791,
202837.000,3.64004858547,0.0224750999481,3.32653901791,
202838.000,3.63986107974,0.0356755027924,3.32653901791,
202840.000,3.63967357402,0.0136248298593,3.32672652364,
202842.000,3.63929856258,-0.0187761589404,3.32672652364,
202843.000,3.63929856258,0.0196250129704,3.32653901791,
202845.000,3.63911105686,0.0355254982147,3.32672652364,
202847.000,3.63892355113,0.0175249488815,3.32653901791,
202848.000,3.63873604541,0.040025635548,3.32672652364,
202850.000,3.63836103397,0.0278752647481,3.32672652364,
202852.000,3.63854853969,0.0182749717704,3.32672652364,
202853.000,3.63817352824,0.0338754478591,3.32672652364,
202855.000,3.63798602252,0.0308753563036,3.32672652364,
202857.000,3.63761101108,0.011824774926,3.32653901791,
202858.000,3.63761101108,-0.00152563249611,3.32672652364,
202900.000,3.63723599963,0.0215750724815,3.32672652364,
202902.000,3.63704849391,0.013174816126,3.32691402936,
202903.000,3.63704849391,0.0209750541704,3.32710153508,
202905.000,3.63686098819,0.0161749076815,3.32691402936,
202907.000,3.63648597674,-0.000475600451674,3.32691402936,
202908.000,3.63648597674,0.0122747886593,3.32691402936,
202910.000,3.6361109653,0.0127248023927,3.32691402936,
202912.000,3.6361109653,-0.0139760124516,3.32691402936,
202913.000,3.6361109653,0.00702462843715,3.32691402936,
202915.000,3.63554844813,0.00387453230384,3.3272890408,
202917.000,3.63554844813,-0.00332568742943,3.32710153508,
202918.000,3.63536094241,0.00372452772607,3.32710153508,
202920.000,3.63517343669,-0.00722580645161,3.3272890408,
202922.000,3.63479842524,-0.0231262916959,3.32691402936,
202923.000,3.63479842524,0.00297450483718,3.32710153508,
202925.000,3.6344234138,-0.00632577898495,3.32691402936,
202927.000,3.6344234138,-0.0226762779626,3.32691402936,
202928.000,3.63423590808,0.0151248756371,3.32710153508,
202930.000,3.63386089663,0.00252449110385,3.3272890408,
202932.000,3.63367339091,-0.0060257698294,3.32710153508,
202933.000,3.63348588519,0.00642461012604,3.32691402936,
202935.000,3.63329837947,-0.000775609607227,3.32691402936,
202937.000,3.63311087374,-0.00932587054048,3.32710153508,
202938.000,3.63292336802,0.0310253608814,3.3272890408,
202940.000,3.6327358623,0.00657461470382,3.32710153508,
202942.000,3.63236085086,0.00432454603717,3.32710153508,
202943.000,3.63254835658,0.0203750358592,3.32691402936,
202945.000,3.63198583941,0.00567458723716,3.32710153508,
202947.000,3.63198583941,0.00972471083712,3.32710153508,
202948.000,3.63179833369,0.00177446821497,3.32710153508,
202950.000,3.63142332224,0.00612460097049,3.3272890408,
202952.000,3.63123581652,0.00672461928159,3.3272890408,
202953.000,3.6310483108,0.00807466048158,3.32747654653,
202955.000,3.63086080508,0.00447455061495,3.3272890408,
202957.000,3.63067329936,0.00312450941496,3.32766405225,
202958.000,3.63048579363,0.000424427014985,3.32747654653,
203000.000,3.63011078219,0.00342451857051,3.32747654653,
203002.000,3.62992327647,0.00717463301492,3.32747654653,
203003.000,3.62992327647,0.00387453230384,3.32747654653,
203005.000,3.62973577074,0.00552458265938,3.32747654653,
203007.000,3.6293607593,0.00402453688162,3.32766405225,
203008.000,3.6293607593,0.00462455519272,3.32766405225,
203010.000,3.62898574786,0.00447455061495,3.32766405225,
203012.000,3.62861073641,0.00492456434828,3.32766405225,
203013.000,3.62879824213,0.00177446821497,3.32766405225,
203015.000,3.62842323069,0.00687462385937,3.32785155797,
203017.000,3.62823572497,0.00132445448164,3.32785155797,
203018.000,3.62823572497,0.00282450025941,3.32785155797,
203020.000,3.62786071352,0.00342451857051,3.32803906369,
203022.000,3.6276732078,0.00297450483718,3.32785155797,
203023.000,3.62748570208,0.00327451399274,3.32803906369,
203025.000,3.62711069063,0.00207447737053,3.32785155797,
203027.000,3.62692318491,0.00492456434828,3.32785155797,
203028.000,3.62692318491,0.00342451857051,3.32803906369,
203030.000,3.62654817347,0.00387453230384,3.32803906369,
203032.000,3.62636066774,-0.000475600451674,3.32803906369,
203033.000,3.62636066774,0.00552458265938,3.32803906369,
203035.000,3.62617316202,0.00837466963713,3.32803906369,
203037.000,3.62579815058,0.00687462385937,3.32803906369,
203038.000,3.62561064486,0.00642461012604,3.32803906369,
203040.000,3.62542313913,0.00522457350383,3.32803906369,
203042.000,3.62523563341,0.00777465132603,3.32803906369,
203043.000,3.62504812769,0.00777465132603,3.32803906369,
203045.000,3.62467311625,0.0041745414594,3.32803906369,
203047.000,3.62448561052,0.00177446821497,3.32803906369,
203048.000,3.62448561052,0.00237448652608,3.32803906369,
203050.000,3.62411059908,0.00837466963713,3.32803906369,
203052.000,3.62373558763,0.00507456892605,3.32803906369,
203053.000,3.62373558763,0.00687462385937,3.32803906369,
203055.000,3.62336057619,0.00657461470382,3.32785155797,
203057.000,3.62317307047,0.00837466963713,3.32803906369,
203058.000,3.62298556475,0.00687462385937,3.32803906369,
203100.000,3.62279805902,0.00282450025941,3.32803906369,
203102.000,3.62279805902,0.00462455519272,3.32803906369,
203103.000,3.62242304758,0.00342451857051,3.32822656941,
203105.000,3.62223554186,0.00372452772607,3.32822656941,
203107.000,3.62204803613,0.00342451857051,3.32803906369,
203108.000,3.62186053041,0.00507456892605,3.32803906369,
203110.000,3.62148551897,0.00252449110385,3.32803906369,
203112.000,3.62129801325,0.00372452772607,3.32822656941,
203113.000,3.62111050752,0.00537457808161,3.32803906369,
203115.000,3.6209230018,0.00402453688162,3.32822656941,
203117.000,3.62054799036,0.00552458265938,3.32822656941,
203118.000,3.62054799036,0.00672461928159,3.32822656941,
203120.000,3.62017297891,0.00267449568163,3.32822656941,
203122.000,3.62017297891,0.00612460097049,3.32822656941,
203123.000,3.61979796747,0.00492456434828,3.32822656941,
203125.000,3.61961046175,0.00717463301492,3.32822656941,
203127.000,3.6192354503,0.0047745597705,3.32803906369,
203128.000,3.61886043886,0.00237448652608,3.32803906369,
203130.000,3.61886043886,0.00237448652608,3.32803906369,
203132.000,3.61829792169,0.00702462843715,3.32803906369,
203133.000,3.61829792169,0.00252449110385,3.32803906369,
203135.000,3.61792291025,0.00387453230384,3.32803906369,
203137.000,3.61773540452,0.00372452772607,3.32803906369,
203138.000,3.6175478988,0.00507456892605,3.32803906369,
203140.000,3.61736039308,0.00327451399274,3.32803906369,
203142.000,3.61698538163,0.00492456434828,3.32822656941,
203143.000,3.61679787591,0.00327451399274,3.32803906369,
203145.000,3.61661037019,0.00267449568163,3.32803906369,
203147.000,3.61642286447,0.00762464674825,3.32803906369,
203148.000,3.61623535875,0.00387453230384,3.32803906369,
203150.000,3.61604785302,0.0041745414594,3.32803906369,
203152.000,3.61548533586,0.0016244636372,3.32803906369,
203153.000,3.61548533586,0.00447455061495,3.32803906369,
203155.000,3.61511032441,0.00762464674825,3.32803906369,
203157.000,3.61511032441,0.0047745597705,3.32822656941,
203158.000,3.61473531297,0.00522457350383,3.32803906369,
203200.000,3.61473531297,0.0047745597705,3.32822656941,
203202.000,3.6141727958,0.00597459639271,3.32822656941,
203203.000,3.61398529008,0.00537457808161,3.32822656941,
203349.092,3.59748478652,0.00657461470382,3.32822656941,
203510.000,3.56673384808,0.524390417188,3.32822656941,
203520.000,3.58473439741,0.00972471083712,3.32822656941,
203522.000,3.58454689169,0.0110747520371,3.32803906369,
203523.000,3.58435938597,0.0107747428816,3.32803906369,
203525.000,3.58417188025,0.0112247566149,3.32822656941,
203527.000,3.58398437452,0.0119747795038,3.32822656941,
203528.000,3.58360936308,0.0121247840815,3.32822656941,
203530.000,3.58360936308,0.0110747520371,3.32803906369,
203532.000,3.58323435163,0.0130248115482,3.32803906369,
203533.000,3.58323435163,0.0124247932371,3.32803906369,
203535.000,3.58285934019,0.0110747520371,3.32822656941,
203537.000,3.58267183447,0.011824774926,3.32822656941,
203538.000,3.58248432875,0.0119747795038,3.32822656941,
203540.000,3.58229682302,0.0139248390149,3.32822656941,
203542.000,3.5821093173,0.0112247566149,3.32822656941,
203543.000,3.58173430586,0.011824774926,3.32822656941,
203545.000,3.58135929441,0.0121247840815,3.32822656941,
203547.000,3.58117178869,0.0116747703482,3.32822656941,
203548.000,3.58098428297,0.011824774926,3.32822656941,
203550.000,3.58060927152,0.0116747703482,3.32822656941,
203552.000,3.5804217658,0.0121247840815,3.32822656941,
203553.000,3.58023426008,0.011824774926,3.32822656941,
203555.000,3.58004675436,0.0107747428816,3.32822656941,
203557.000,3.57967174291,0.0115247657704,3.32822656941,
203558.000,3.57929673147,0.0124247932371,3.32822656941,
203600.000,3.57910922575,0.0121247840815,3.32822656941,
203602.000,3.57892172002,0.0137748344371,3.32822656941,
203603.000,3.5787342143,0.0125747978149,3.32822656941,
203605.000,3.57835920286,0.00927469710379,3.32822656941,
203607.000,3.57779668569,0.011824774926,3.32822656941,
203608.000,3.57798419141,0.0115247657704,3.32822656941,
203610.000,3.57779668569,0.013174816126,3.32822656941,
203612.000,3.57742167425,0.0130248115482,3.32841407514,
203613.000,3.57742167425,0.0142248481704,3.32841407514,
203615.000,3.5770466628,0.00972471083712,3.32822656941,
203617.000,3.57685915708,0.0133248207038,3.32841407514,
203618.000,3.57667165136,0.011824774926,3.32822656941,
203620.000,3.57648414563,0.0125747978149,3.32822656941,
203622.000,3.57610913419,0.0116747703482,3.32822656941,
203623.000,3.57573412275,0.0124247932371,3.32822656941,
203625.000,3.57554661702,0.00957470625935,3.32803906369,
203627.000,3.57517160558,0.0106247383038,3.32803906369,
203628.000,3.57479659413,0.0098747154149,3.32822656941,
203630.000,3.57460908841,0.0110747520371,3.32822656941,
203632.000,3.57442158269,-0.00167563707389,3.32803906369,
203633.000,3.57404657125,0.00192447279275,3.32803906369,
203635.000,3.57385906552,0.000274422437208,3.32803906369,
203637.000,3.5736715598,0.000724436170538,3.32803906369,
203638.000,3.57329654836,-0.00107561876278,3.32785155797,
203640.000,3.57310904263,0.000274422437208,3.32785155797,
203642.000,3.57273403119,0.00147445905942,3.32803906369,
203643.000,3.57273403119,-0.00152563249611,3.32803906369,
203645.000,3.57254652547,-0.00212565080721,3.32803906369,
203647.000,3.57217151402,-0.00257566454054,3.32803906369,
203648.000,3.57160899686,-0.00692579729606,3.32803906369,
203650.000,3.57142149113,-0.00242565996277,3.32803906369,
203652.000,3.57104647969,0.000424427014985,3.32785155797,
203653.000,3.57067146825,-0.00182564165166,3.32785155797,
203655.000,3.57067146825,0.00267449568163,3.32785155797,
203657.000,3.5702964568,-0.00137562791833,3.32803906369,
203658.000,3.57010895108,0.00102444532609,3.32785155797,
203700.000,3.56992144536,-0.000925614185003,3.32803906369,
203702.000,3.56954643391,-0.00107561876278,3.32803906369,
203703.000,3.56917142247,-0.000925614185003,3.32803906369,
203705.000,3.56917142247,-0.0028756736961,3.32803906369,
203707.000,3.5686089053,-0.000925614185003,3.32785155797,
203708.000,3.56823389386,-0.00122562334056,3.32785155797,
203710.000,3.56804638813,-2.55867183446e-05,3.32803906369,
203712.000,3.56767137669,0.000124417859432,3.32803906369,
203713.000,3.56748387097,0.000574431592761,3.32785155797,
203715.000,3.56710885952,0.000424427014985,3.32785155797,
203717.000,3.5669213538,0.00177446821497,3.32803906369,
203718.000,3.56654634236,-0.00107561876278,3.32822656941,
203720.000,3.56635883663,-0.0154760582293,3.32803906369,
203722.000,3.56617133091,-0.000925614185003,3.32785155797,
203723.000,3.56579631947,-0.00242565996277,3.32785155797,
203725.000,3.56560881375,-0.00227565538499,3.32785155797,
203727.000,3.5652338023,-0.000775609607227,3.32747654653,
203728.000,3.56485879086,0.0275752555925,3.32766405225,
203730.000,3.56467128513,0.0185749809259,3.32747654653,
203732.000,3.56429627369,0.00447455061495,3.3272890408,
203733.000,3.56410876797,0.0278752647481,3.3272890408,
203735.000,3.56373375652,0.0127248023927,3.3272890408,
203737.000,3.5635462508,0.0154248847926,3.32710153508,
203738.000,3.56335874508,0.00942470168157,3.32710153508,
203740.000,3.56298373363,0.0202250312815,3.32710153508,
203742.000,3.56279622791,0.0554761070589,3.32710153508,
203743.000,3.56242121647,0.0290753013703,3.32672652364,
203745.000,3.56223371075,0.0293753105258,3.32672652364,
203747.000,3.5618586993,0.0344754661702,3.32691402936,
203748.000,3.56167119358,0.0098747154149,3.32672652364,
203750.000,3.56129618213,0.0236751365703,3.32672652364,
203752.000,3.56092117069,0.0644763817255,3.32635151219,
203753.000,3.56092117069,0.0256251960814,3.32653901791,
203755.000,3.56035865352,0.0395756218146,3.32653901791,
203757.000,3.55998364208,0.0317753837703,3.32653901791,
203758.000,3.55979613636,0.0518759971923,3.32635151219,
203800.000,3.55942112491,0.0322253975036,3.32635151219,
203802.000,3.55904611347,0.00267449568163,3.32616400647,
203803.000,3.55885860775,0.046025818659,3.32635151219,
203805.000,3.55867110202,0.0329754203925,3.32616400647,
203807.000,3.55829609058,0.0383755851924,3.32616400647,
203808.000,3.53504538102,0.870150968963,3.32616400647,
203952.000,3.45666798914,1.06470690634,3.32597650075,
204002.000,3.48123123875,0.0116747703482,3.32578899503,
204003.000,3.4808562273,0.0347754753258,3.32578899503,
204005.000,3.48104373302,0.0526260200812,3.32578899503,
204007.000,3.48104373302,0.0292253059481,3.32578899503,
204008.000,3.48066872158,0.0167749259926,3.32578899503,
204010.000,3.48066872158,0.0428757225257,3.32597650075,
204012.000,3.48048121586,0.0502259468368,3.32578899503,
204013.000,3.48029371014,0.0557761162145,3.32597650075,
204015.000,3.47991869869,0.0338754478591,3.32578899503,
204017.000,3.47954368725,0.0416756859035,3.32597650075,
204018.000,3.47954368725,0.0341754570147,3.32597650075,
204020.000,3.47935618152,0.0322253975036,3.32597650075,
204022.000,3.47879366436,0.0583261940367,3.32597650075,
204023.000,3.47860615864,0.0419756950591,3.32616400647,
204025.000,3.47823114719,0.0368755394147,3.32578899503,
204027.000,3.47785613575,0.0344754661702,3.32578899503,
204028.000,3.4774811243,0.0322253975036,3.32597650075,
204030.000,3.47729361858,0.027275246437,3.32597650075,
204032.000,3.47673110141,0.0374755577258,3.32597650075,
204033.000,3.47654359569,0.0340254524369,3.32616400647,
204035.000,3.44991778314,1.07250714438,3.32616400647,
204218.000,3.33666432691,1.01340534074,3.32597650075,
204228.000,3.36329013947,0.0293753105258,3.32616400647,
204230.000,3.33516428114,0.994954777673,3.32635151219,
204413.000,3.08184405042,0.860250666829,3.32653901791,
204423.000,3.11597009186,0.0103247291482,3.32653901791,
204425.000,3.11278249458,0.0136248298593,3.32635151219,
204427.000,3.10959489731,0.0187249855037,3.32635151219,
204428.000,3.05840583514,0.0673264687033,3.32653901791,
204612.000,1.77849177526,0.549591186254,3.32785155797,
