172547.314,,,,,00
172709.000,4005.1601,10513.9674,1587.2,-20.7,08
172712.000,4005.1601,10513.9675,1587.3,-20.7,08
172713.000,4005.1601,10513.9675,1587.3,-20.7,08
172718.000,4005.1602,10513.9675,1587.3,-20.7,08
172719.000,4005.1602,10513.9675,1587.3,-20.7,08
172720.000,4005.1602,10513.9675,1587.3,-20.7,08
172721.000,4005.1602,10513.9675,1587.3,-20.7,08
172722.000,4005.1601,10513.9675,1587.3,-20.7,08
172723.000,4005.1601,10513.9675,1587.2,-20.7,08
172724.000,4005.1601,10513.9675,1587.2,-20.7,08
172725.000,4005.1601,10513.9675,1587.3,-20.7,08
172726.000,4005.1601,10513.9675,1587.3,-20.7,08
172727.000,4005.1600,10513.9675,1587.3,-20.7,08
172728.000,4005.1600,10513.9675,1587.3,-20.7,08
172729.000,4005.1600,10513.9674,1587.3,-20.7,08
172730.000,4005.1600,10513.9673,1587.3,-20.7,08
172731.000,4005.1599,10513.9672,1587.3,-20.7,08
172732.000,4005.1599,10513.9672,1587.3,-20.7,08
172733.000,4005.1599,10513.9671,1587.3,-20.7,08
172734.000,4005.1599,10513.9671,1587.3,-20.7,08
172735.000,4005.1599,10513.9671,1587.3,-20.7,08
172736.000,4005.1599,10513.9671,1587.3,-20.7,08
172737.000,4005.1599,10513.9671,1587.3,-20.7,08
172738.000,4005.1598,10513.9671,1587.4,-20.7,08
172739.000,4005.1598,10513.9670,1587.3,-20.7,08
172740.000,4005.1598,10513.9669,1587.3,-20.7,08
172741.000,4005.1597,10513.9668,1587.3,-20.7,08
172742.000,4005.1597,10513.9667,1587.3,-20.7,08
172743.000,4005.1597,10513.9667,1587.3,-20.7,08
172744.000,4005.1597,10513.9666,1587.3,-20.7,08
172745.000,4005.1597,10513.9666,1587.4,-20.7,08
172746.000,4005.1597,10513.9666,1587.4,-20.7,08
172747.000,4005.1597,10513.9667,1587.4,-20.7,08
172748.000,4005.1596,10513.9667,1587.5,-20.7,08
172749.000,4005.1596,10513.9667,1587.5,-20.7,08
172750.000,4005.1596,10513.9667,1587.5,-20.7,08
172751.000,4005.1596,10513.9667,1587.5,-20.7,08
172752.000,4005.1595,10513.9666,1587.5,-20.7,08
172753.000,4005.1595,10513.9666,1587.5,-20.7,08
172754.000,4005.1595,10513.9665,1587.5,-20.7,08
172755.000,4005.1595,10513.9664,1587.5,-20.7,08
172756.000,4005.1595,10513.9663,1587.5,-20.7,08
172757.000,4005.1595,10513.9662,1587.5,-20.7,08
172758.000,4005.1595,10513.9661,1587.5,-20.7,08
172759.000,4005.1594,10513.9661,1587.5,-20.7,08
172800.000,4005.1594,10513.9661,1587.5,-20.7,08
172801.000,4005.1594,10513.9661,1587.4,-20.7,08
172802.000,4005.1593,10513.9661,1587.4,-20.7,08
172803.000,4005.1593,10513.9661,1587.4,-20.7,08
172805.000,4005.1592,10513.9661,1587.3,-20.7,08
172806.000,4005.1592,10513.9660,1587.3,-20.7,08
172807.000,4005.1591,10513.9660,1587.3,-20.7,08
172808.000,4005.1591,10513.9660,1587.3,-20.7,08
172809.000,4005.1591,10513.9660,1587.2,-20.7,08
172810.000,4005.1591,10513.9660,1587.2,-20.7,08
172811.000,4005.1590,10513.9660,1587.2,-20.7,08
172812.000,4005.1590,10513.9660,1587.2,-20.7,08
172813.000,4005.1589,10513.9660,1587.2,-20.7,08
172814.000,4005.1589,10513.9661,1587.2,-20.7,08
172815.000,4005.1589,10513.9661,1587.2,-20.7,08
172816.000,4005.1588,10513.9660,1587.3,-20.7,08
172817.000,4005.1588,10513.9661,1587.4,-20.7,08
172818.000,4005.1588,10513.9661,1587.5,-20.7,08
172819.000,4005.1590,10513.9661,1588.0,-20.7,08
172820.000,4005.1592,10513.9658,1588.4,-20.7,08
172821.000,4005.1594,10513.9656,1588.6,-20.7,08
172822.000,4005.1597,10513.9652,1589.3,-20.7,08
172823.000,4005.1599,10513.9649,1590.1,-20.7,08
172824.000,4005.1597,10513.9650,1592.6,-20.7,08
172825.000,4005.1596,10513.9653,1593.7,-20.7,08
172826.000,4005.1597,10513.9654,1594.7,-20.7,08
172827.000,4005.1598,10513.9654,1595.5,-20.7,08
172828.000,4005.1599,10513.9654,1597.3,-20.7,08
172829.000,4005.1601,10513.9653,1599.1,-20.7,08
172830.000,4005.1605,10513.9653,1601.0,-20.7,08
172831.000,4005.1608,10513.9654,1603.2,-20.7,08
172832.000,4005.1609,10513.9655,1605.8,-20.7,08
172833.000,4005.1608,10513.9658,1608.8,-20.7,08
172834.000,4005.1607,10513.9658,1611.2,-20.7,08
172835.000,4005.1605,10513.9658,1613.8,-20.7,08
172836.000,4005.1603,10513.9659,1616.4,-20.7,08
172837.000,4005.1602,10513.9659,1619.1,-20.7,08
172838.000,4005.1601,10513.9659,1621.9,-20.7,08
172839.000,4005.1600,10513.9659,1624.8,-20.7,08
172840.000,4005.1599,10513.9660,1627.7,-20.7,08
172841.000,4005.1598,10513.9660,1630.8,-20.7,08
173024.000,4005.1588,10513.9673,1671.1,-20.7,08
173025.000,4005.1589,10513.9673,1671.0,-20.7,08
173034.000,4005.1590,10513.9674,1670.9,-20.7,09
173035.000,4005.1590,10513.9674,1670.8,-20.7,09
173036.000,4005.1591,10513.9674,1670.7,-20.7,09
173219.000,4005.1615,10513.9663,1655.2,-20.7,09
173220.000,4005.1615,10513.9663,1655.1,-20.7,09
173229.000,4005.1615,10513.9663,1655.1,-20.7,09
173230.000,4005.1615,10513.9663,1655.0,-20.7,09
173231.000,4005.1615,10513.9663,1655.0,-20.7,09
173414.000,4005.1614,10513.9658,1646.3,-20.7,09
173415.000,4005.1614,10513.9658,1646.3,-20.7,09
173424.000,4005.1614,10513.9658,1646.2,-20.7,09
173425.000,4005.1614,10513.9658,1646.2,-20.7,09
173426.000,4005.1614,10513.9658,1646.2,-20.7,09
173427.000,4005.1614,10513.9658,1646.2,-20.7,09
173428.000,4005.1614,10513.9658,1646.2,-20.7,09
173429.000,4005.1614,10513.9658,1646.2,-20.7,09
173430.000,4005.1614,10513.9658,1646.2,-20.7,09
173431.000,4005.1614,10513.9658,1646.2,-20.7,09
173432.000,4005.1614,10513.9658,1646.2,-20.7,09
173433.000,4005.1614,10513.9658,1646.2,-20.7,09
173434.000,4005.1614,10513.9658,1646.2,-20.7,09
173435.000,4005.1614,10513.9658,1646.2,-20.7,09
173436.000,4005.1614,10513.9658,1646.2,-20.7,09
173437.000,4005.1614,10513.9658,1646.1,-20.7,09
173438.000,4005.1614,10513.9658,1646.1,-20.7,09
173439.000,4005.1614,10513.9658,1646.1,-20.7,09
173440.000,4005.1614,10513.9658,1646.1,-20.7,09
173441.000,4005.1614,10513.9658,1646.1,-20.7,09
173442.000,4005.1614,10513.9658,1646.1,-20.7,09
173443.000,4005.1614,10513.9658,1646.1,-20.7,09
173444.000,4005.1614,10513.9658,1646.1,-20.7,09
173445.000,4005.1614,10513.9658,1646.1,-20.7,09
173446.000,4005.1614,10513.9658,1646.1,-20.7,09
173447.000,4005.1614,10513.9658,1646.1,-20.7,09
173448.000,4005.1614,10513.9658,1646.1,-20.7,09
173449.000,4005.1614,10513.9658,1646.1,-20.7,09
173450.000,4005.1614,10513.9658,1646.1,-20.7,09
173451.000,4005.1614,10513.9658,1646.1,-20.7,09
173452.000,4005.1614,10513.9658,1646.1,-20.7,09
173453.000,4005.1614,10513.9658,1646.1,-20.7,09
173454.000,4005.1614,10513.9658,1646.0,-20.7,09
173455.000,4005.1614,10513.9658,1646.0,-20.7,09
173456.000,4005.1614,10513.9658,1646.0,-20.7,09
173457.000,4005.1614,10513.9658,1646.0,-20.7,09
173458.000,4005.1614,10513.9658,1645.9,-20.7,09
173459.000,4005.1614,10513.9658,1645.9,-20.7,09
173500.000,4005.1613,10513.9658,1645.9,-20.7,09
173501.000,4005.1612,10513.9661,1644.7,-20.7,09
173502.000,4005.1614,10513.9661,1642.5,-20.7,09
173503.000,4005.1615,10513.9661,1640.4,-20.7,09
173504.000,4005.1616,10513.9661,1639.2,-20.7,09
173505.000,4005.1615,10513.9660,1637.9,-20.7,09
173648.000,4005.1601,10513.9671,1617.5,-20.7,09
173649.000,4005.1601,10513.9671,1617.0,-20.7,09
173658.000,4005.1600,10513.9672,1611.9,-20.7,09
173659.000,4005.1599,10513.9672,1611.4,-20.7,09
173700.000,4005.1599,10513.9672,1611.3,-20.7,09
173701.000,4005.1599,10513.9672,1611.2,-20.7,09
173703.000,4005.1599,10513.9672,1611.0,-20.7,09
173704.000,4005.1599,10513.9672,1611.0,-20.7,09
173705.000,4005.1599,10513.9672,1610.9,-20.7,09
173706.000,4005.1599,10513.9672,1610.9,-20.7,09
173707.000,4005.1599,10513.9672,1610.9,-20.7,09
173708.000,4005.1599,10513.9672,1610.8,-20.7,09
173709.000,4005.1599,10513.9672,1610.8,-20.7,09
173710.000,4005.1598,10513.9672,1610.8,-20.7,09
173711.000,4005.1599,10513.9672,1610.8,-20.7,09
173712.000,4005.1599,10513.9672,1610.8,-20.7,09
173713.000,4005.1599,10513.9672,1610.8,-20.7,09
173714.000,4005.1599,10513.9672,1610.8,-20.7,09
173715.000,4005.1599,10513.9672,1610.8,-20.7,09
173716.000,4005.1599,10513.9672,1610.8,-20.7,09
173717.000,4005.1599,10513.9672,1610.8,-20.7,09
173718.000,4005.1599,10513.9672,1610.7,-20.7,09
173719.000,4005.1599,10513.9672,1610.7,-20.7,09
173720.000,4005.1599,10513.9672,1610.7,-20.7,09
173721.000,4005.1599,10513.9672,1610.6,-20.7,09
173722.000,4005.1599,10513.9672,1610.6,-20.7,09
173723.000,4005.1599,10513.9672,1610.6,-20.7,09
173724.000,4005.1599,10513.9672,1610.6,-20.7,09
173725.000,4005.1599,10513.9672,1610.6,-20.7,09
173726.000,4005.1599,10513.9672,1610.6,-20.7,09
173727.000,4005.1599,10513.9672,1610.6,-20.7,09
173728.000,4005.1599,10513.9672,1610.6,-20.7,09
173729.000,4005.1599,10513.9672,1610.6,-20.7,09
173730.000,4005.1599,10513.9672,1610.6,-20.7,09
173731.000,4005.1599,10513.9672,1610.6,-20.7,09
173732.000,4005.1599,10513.9672,1610.6,-20.7,09
173733.000,4005.1599,10513.9672,1610.5,-20.7,09
173734.000,4005.1599,10513.9672,1610.5,-20.7,09
173735.000,4005.1599,10513.9671,1610.5,-20.7,09
173736.000,4005.1599,10513.9672,1610.5,-20.7,09
173737.000,4005.1599,10513.9672,1610.5,-20.7,09
173738.000,4005.1599,10513.9672,1610.5,-20.7,09
173739.000,4005.1599,10513.9672,1610.5,-20.7,09
173740.000,4005.1599,10513.9672,1610.5,-20.7,09
173741.000,4005.1599,10513.9672,1610.4,-20.7,09
173742.000,4005.1599,10513.9672,1610.4,-20.7,09
173743.000,4005.1599,10513.9671,1610.4,-20.7,09
173744.000,4005.1599,10513.9671,1610.4,-20.7,09
173745.000,4005.1598,10513.9671,1610.4,-20.7,09
173746.000,4005.1598,10513.9671,1610.4,-20.7,09
173747.000,4005.1598,10513.9671,1610.4,-20.7,09
173748.000,4005.1598,10513.9671,1610.4,-20.7,09
173749.000,4005.1599,10513.9671,1610.4,-20.7,09
173750.000,4005.1599,10513.9671,1610.4,-20.7,09
173751.000,4005.1599,10513.9671,1610.4,-20.7,09
173752.000,4005.1599,10513.9671,1610.4,-20.7,09
173753.000,4005.1599,10513.9671,1610.4,-20.7,09
173754.000,4005.1599,10513.9671,1610.4,-20.7,09
173755.000,4005.1599,10513.9671,1610.4,-20.7,09
173756.000,4005.1599,10513.9671,1610.4,-20.7,09
173757.000,4005.1599,10513.9671,1610.4,-20.7,09
173758.000,4005.1599,10513.9671,1610.3,-20.7,09
173759.000,4005.1599,10513.9671,1610.3,-20.7,09
173800.000,4005.1599,10513.9671,1610.3,-20.7,09
173801.000,4005.1599,10513.9671,1610.3,-20.7,09
173802.000,4005.1599,10513.9671,1610.3,-20.7,09
173803.000,4005.1599,10513.9671,1610.3,-20.7,09
173804.000,4005.1599,10513.9671,1610.3,-20.7,09
173805.000,4005.1599,10513.9671,1610.3,-20.7,09
173806.000,4005.1599,10513.9671,1610.3,-20.7,09
173807.000,4005.1599,10513.9671,1610.3,-20.7,09
173808.000,4005.1599,10513.9671,1610.3,-20.7,09
173809.000,4005.1599,10513.9671,1610.3,-20.7,09
173810.000,4005.1599,10513.9671,1610.3,-20.7,09
173811.000,4005.1599,10513.9671,1610.3,-20.7,09
173812.000,4005.1599,10513.9671,1610.3,-20.7,09
173813.000,4005.1599,10513.9671,1610.3,-20.7,09
173814.000,4005.1599,10513.9671,1610.3,-20.7,09
173815.000,4005.1599,10513.9671,1610.2,-20.7,09
173816.000,4005.1599,10513.9671,1610.3,-20.7,09
173817.000,4005.1599,10513.9671,1610.3,-20.7,09
173818.000,4005.1597,10513.9669,1610.6,-20.7,09
173819.000,4005.1592,10513.9669,1610.9,-20.7,09
173820.000,4005.1587,10513.9669,1611.3,-20.7,09
173821.000,4005.1583,10513.9668,1611.8,-20.7,09
173822.000,4005.1578,10513.9668,1612.4,-20.7,09
173823.000,4005.1581,10513.9668,1616.7,-20.7,09
173824.000,4005.1582,10513.9668,1619.8,-20.7,09
173825.000,4005.1582,10513.9668,1622.8,-20.7,09
174008.000,4005.1630,10513.9661,1664.8,-20.7,09
174009.000,4005.1629,10513.9661,1664.8,-20.7,09
174018.000,4005.1629,10513.9661,1664.6,-20.7,09
174019.000,4005.1629,10513.9662,1664.7,-20.7,09
174020.000,4005.1629,10513.9662,1664.7,-20.7,09
174021.000,4005.1630,10513.9662,1664.7,-20.7,09
174204.000,4005.1642,10513.9646,1653.9,-20.7,09
174205.000,4005.1642,10513.9646,1653.9,-20.7,09
174214.000,4005.1642,10513.9646,1653.1,-20.7,09
174215.000,4005.1642,10513.9646,1652.8,-20.7,09
174216.000,4005.1642,10513.9645,1652.6,-20.7,09
174217.000,4005.1642,10513.9645,1652.5,-20.7,09
174218.000,4005.1642,10513.9645,1652.3,-20.7,09
174219.000,4005.1642,10513.9645,1652.2,-20.7,09
174220.000,4005.1642,10513.9644,1652.1,-20.7,09
174221.000,4005.1642,10513.9644,1652.0,-20.7,09
174404.000,4005.1654,10513.9638,1629.8,-20.7,09
174405.000,4005.1655,10513.9638,1629.8,-20.7,09
174414.000,4005.1655,10513.9639,1629.8,-20.7,09
174415.000,4005.1655,10513.9639,1629.8,-20.7,09
174416.000,4005.1655,10513.9639,1629.8,-20.7,09
174559.000,4005.1589,10513.9680,1601.9,-20.7,09
174600.000,4005.1589,10513.9680,1601.9,-20.7,09
