143123.300,,,,,00
143124.081,,,,,00
143242.000,3959.0667,10459.8806,1603.4,-21.0,09
143243.000,3959.0667,10459.8806,1603.4,-21.0,09
143246.000,3959.0667,10459.8806,1603.3,-21.0,09
143251.000,3959.0667,10459.8806,1603.3,-21.0,09
143252.000,3959.0667,10459.8806,1603.3,-21.0,09
143253.000,3959.0667,10459.8806,1603.3,-21.0,09
143254.000,3959.0667,10459.8806,1603.4,-21.0,09
143255.000,3959.0667,10459.8806,1603.4,-21.0,09
143256.000,3959.0666,10459.8806,1603.5,-21.0,09
143257.000,3959.0666,10459.8806,1603.5,-21.0,09
143258.000,3959.0667,10459.8806,1603.5,-21.0,09
143259.000,3959.0667,10459.8806,1603.5,-21.0,09
143300.000,3959.0667,10459.8806,1603.5,-21.0,09
143301.000,3959.0667,10459.8806,1603.5,-21.0,09
143302.000,3959.0667,10459.8806,1603.5,-21.0,09
143303.000,3959.0667,10459.8806,1603.5,-21.0,09
143304.000,3959.0667,10459.8806,1603.5,-21.0,09
143305.000,3959.0667,10459.8806,1603.5,-21.0,09
143306.000,3959.0667,10459.8806,1603.5,-21.0,09
143307.000,3959.0667,10459.8806,1603.6,-21.0,09
143308.000,3959.0667,10459.8806,1603.6,-21.0,09
143309.000,3959.0667,10459.8806,1603.7,-21.0,09
143310.000,3959.0667,10459.8806,1603.7,-21.0,08
143311.000,3959.0667,10459.8806,1603.8,-21.0,08
143312.000,3959.0667,10459.8806,1603.8,-21.0,08
143313.000,3959.0667,10459.8805,1603.8,-21.0,08
143314.000,3959.0668,10459.8805,1603.8,-21.0,08
143315.000,3959.0668,10459.8805,1603.8,-21.0,08
143316.000,3959.0668,10459.8806,1603.8,-21.0,08
143317.000,3959.0668,10459.8806,1603.8,-21.0,08
143318.000,3959.0668,10459.8806,1603.8,-21.0,08
143319.000,3959.0668,10459.8806,1603.8,-21.0,08
143320.000,3959.0668,10459.8806,1603.9,-21.0,08
143321.000,3959.0668,10459.8806,1603.9,-21.0,08
143322.000,3959.0668,10459.8806,1604.0,-21.0,08
143323.000,3959.0668,10459.8806,1604.0,-21.0,08
143324.000,3959.0668,10459.8805,1604.1,-21.0,08
143325.000,3959.0668,10459.8805,1604.1,-21.0,08
143326.000,3959.0668,10459.8805,1604.1,-21.0,08
143327.000,3959.0668,10459.8805,1604.1,-21.0,08
143328.000,3959.0668,10459.8806,1604.1,-21.0,08
143329.000,3959.0668,10459.8806,1604.1,-21.0,08
143330.000,3959.0668,10459.8806,1604.1,-21.0,08
143331.000,3959.0668,10459.8806,1604.2,-21.0,08
143332.000,3959.0668,10459.8806,1604.3,-21.0,08
143333.000,3959.0668,10459.8806,1604.4,-21.0,08
143334.000,3959.0668,10459.8806,1604.5,-21.0,08
143335.000,3959.0668,10459.8806,1604.5,-21.0,08
143336.000,3959.0667,10459.8806,1604.6,-21.0,08
143337.000,3959.0667,10459.8806,1604.6,-21.0,08
143338.000,3959.0667,10459.8806,1604.6,-21.0,08
143339.000,3959.0667,10459.8806,1604.6,-21.0,08
143340.000,3959.0667,10459.8806,1604.6,-21.0,08
143341.000,3959.0667,10459.8806,1604.5,-21.0,08
143342.000,3959.0667,10459.8806,1604.5,-21.0,08
143343.000,3959.0667,10459.8806,1604.5,-21.0,08
143344.000,3959.0667,10459.8806,1604.6,-21.0,08
143345.000,3959.0667,10459.8806,1604.7,-21.0,08
143346.000,3959.0667,10459.8806,1604.7,-21.0,08
143347.000,3959.0667,10459.8806,1604.8,-21.0,08
143348.000,3959.0667,10459.8806,1604.8,-21.0,08
143349.000,3959.0667,10459.8806,1604.8,-21.0,08
143350.000,3959.0667,10459.8806,1604.8,-21.0,08
143351.000,3959.0667,10459.8806,1604.8,-21.0,08
143352.000,3959.0668,10459.8806,1604.8,-21.0,08
143353.000,3959.0668,10459.8806,1604.8,-21.0,08
143354.000,3959.0668,10459.8806,1604.8,-21.0,08
143355.000,3959.0669,10459.8806,1604.7,-21.0,08
143356.000,3959.0669,10459.8806,1604.8,-21.0,08
143357.000,3959.0669,10459.8806,1604.8,-21.0,08
143358.000,3959.0669,10459.8806,1604.9,-21.0,08
143359.000,3959.0669,10459.8806,1604.9,-21.0,08
143400.000,3959.0669,10459.8806,1604.9,-21.0,08
143401.000,3959.0669,10459.8806,1605.0,-21.0,08
143402.000,3959.0669,10459.8806,1605.0,-21.0,08
143403.000,3959.0669,10459.8806,1605.0,-21.0,08
143404.000,3959.0669,10459.8806,1605.0,-21.0,08
143405.000,3959.0669,10459.8806,1605.0,-21.0,08
143406.000,3959.0669,10459.8806,1605.0,-21.0,08
143407.000,3959.0670,10459.8806,1605.0,-21.0,08
143408.000,3959.0669,10459.8806,1605.1,-21.0,08
143409.000,3959.0669,10459.8806,1605.1,-21.0,08
143410.000,3959.0669,10459.8806,1605.2,-21.0,08
143411.000,3959.0670,10459.8806,1605.2,-21.0,08
143412.000,3959.0670,10459.8806,1605.3,-21.0,08
143413.000,3959.0670,10459.8806,1605.3,-21.0,08
143414.000,3959.0670,10459.8805,1605.4,-21.0,08
143415.000,3959.0670,10459.8805,1605.6,-21.0,08
143416.000,3959.0669,10459.8805,1605.8,-21.0,08
143417.000,3959.0668,10459.8805,1606.3,-21.0,08
143418.000,3959.0668,10459.8805,1606.5,-21.0,08
143419.000,3959.0668,10459.8805,1606.9,-21.0,08
143420.000,3959.0668,10459.8806,1607.0,-21.0,08
143421.000,3959.0668,10459.8807,1607.0,-21.0,08
143422.000,3959.0669,10459.8807,1607.3,-21.0,08
143423.000,3959.0669,10459.8807,1607.8,-21.0,08
143424.000,3959.0668,10459.8807,1608.3,-21.0,08
143425.000,3959.0668,10459.8807,1608.9,-21.0,08
143426.000,3959.0667,10459.8808,1609.5,-21.0,08
143427.000,3959.0667,10459.8807,1610.1,-21.0,08
143428.000,3959.0666,10459.8807,1610.8,-21.0,08
143429.000,3959.0666,10459.8807,1611.5,-21.0,08
143430.000,3959.0665,10459.8808,1612.3,-21.0,08
143431.000,3959.0665,10459.8808,1613.2,-21.0,08
143432.000,3959.0663,10459.8808,1613.9,-21.0,08
143433.000,3959.0660,10459.8808,1614.3,-21.0,08
143434.000,3959.0657,10459.8807,1614.8,-21.0,08
143435.000,3959.0654,10459.8806,1615.5,-21.0,08
143436.000,3959.0654,10459.8807,1617.2,-21.0,08
143437.000,3959.0655,10459.8808,1618.3,-21.0,08
143438.000,3959.0655,10459.8808,1619.4,-21.0,08
143439.000,3959.0656,10459.8808,1621.0,-21.0,08
143440.000,3959.0656,10459.8808,1622.6,-21.0,08
143441.000,3959.0654,10459.8806,1623.2,-21.0,08
143442.000,3959.0652,10459.8804,1623.9,-21.0,08
143443.000,3959.0651,10459.8803,1625.5,-21.0,08
143444.000,3959.0652,10459.8803,1626.7,-21.0,08
143445.000,3959.0652,10459.8802,1627.6,-21.0,08
143446.000,3959.0649,10459.8801,1628.3,-21.0,08
143447.000,3959.0647,10459.8800,1629.4,-21.0,08
143448.000,3959.0648,10459.8801,1631.2,-21.0,08
143449.000,3959.0648,10459.8802,1632.5,-21.0,08
143450.000,3959.0650,10459.8803,1633.7,-21.0,08
143451.000,3959.0651,10459.8805,1635.1,-21.0,08
143634.000,3959.0668,10459.8830,1698.8,-21.0,08
143635.000,3959.0668,10459.8830,1698.8,-21.0,08
143644.000,3959.0667,10459.8831,1698.8,-21.0,08
143645.000,3959.0666,10459.8830,1698.8,-21.0,08
143646.000,3959.0666,10459.8831,1698.8,-21.0,08
143829.000,3959.0632,10459.8834,1691.6,-21.0,08
143830.000,3959.0632,10459.8834,1691.6,-21.0,08
143839.000,3959.0633,10459.8834,1691.5,-21.0,08
143840.000,3959.0633,10459.8834,1691.4,-21.0,08
143841.000,3959.0633,10459.8834,1691.4,-21.0,08
144024.000,3959.0626,10459.8835,1681.8,-21.0,08
144025.000,3959.0626,10459.8835,1681.8,-21.0,08
144034.000,3959.0626,10459.8834,1681.9,-21.0,08
144035.000,3959.0626,10459.8834,1681.9,-21.0,08
144036.000,3959.0626,10459.8834,1681.9,-21.0,08
144219.000,3959.0610,10459.8853,1672.2,-21.0,09
144220.000,3959.0610,10459.8852,1672.2,-21.0,09
144229.000,3959.0609,10459.8852,1672.1,-21.0,09
144230.000,3959.0609,10459.8852,1672.1,-21.0,09
144231.000,3959.0609,10459.8852,1672.1,-21.0,09
144414.000,3959.0598,10459.8862,1656.4,-21.0,09
144415.000,3959.0598,10459.8862,1656.3,-21.0,09
144424.000,3959.0600,10459.8860,1655.4,-21.0,09
144425.000,3959.0600,10459.8859,1655.3,-21.0,09
144426.000,3959.0600,10459.8859,1655.3,-21.0,09
144609.000,3959.0616,10459.8860,1646.9,-21.0,09
144610.000,3959.0617,10459.8860,1646.7,-21.0,09
144619.000,3959.0619,10459.8860,1646.2,-21.0,09
144620.000,3959.0619,10459.8860,1646.2,-21.0,09
144621.000,3959.0619,10459.8860,1646.2,-21.0,09
144804.000,3959.0618,10459.8860,1645.3,-21.0,09
144805.000,3959.0618,10459.8860,1645.3,-21.0,09
144814.000,3959.0618,10459.8860,1645.2,-21.0,09
144815.000,3959.0618,10459.8860,1645.2,-21.0,09
144816.000,3959.0618,10459.8860,1645.2,-21.0,09
144959.000,3959.0682,10459.8856,1640.7,-21.0,09
145000.000,3959.0685,10459.8849,1640.4,-21.0,09
