210351.098,3.77299014252,0.00882468337046,3.33141416669,
210512.000,3.76155229347,1.00335503403,3.33160167241,
210523.000,3.77017755669,0.00777465132603,3.33160167241,
210525.000,3.77017755669,0.00792465590381,3.33160167241,
210527.000,3.77017755669,0.00837466963713,3.33160167241,
210528.000,3.77017755669,0.00792465590381,3.33160167241,
210530.000,3.77017755669,0.00822466505936,3.33160167241,
210532.000,3.77017755669,0.00822466505936,3.33160167241,
210533.000,3.76999005097,0.00837466963713,3.33160167241,
210535.000,3.76999005097,0.00822466505936,3.33160167241,
210537.000,3.76999005097,0.00807466048158,3.33160167241,
210538.000,3.76999005097,0.00837466963713,3.33160167241,
210540.000,3.76999005097,0.00792465590381,3.33160167241,
210542.000,3.76999005097,0.00867467879269,3.33160167241,
210543.000,3.76980254524,0.00837466963713,3.33160167241,
210545.000,3.76980254524,0.00747464217048,3.33178917814,
210547.000,3.76980254524,0.00777465132603,3.33178917814,
210548.000,3.76980254524,0.00747464217048,3.33178917814,
210550.000,3.76980254524,0.00822466505936,3.33178917814,
210552.000,3.76980254524,0.00777465132603,3.33160167241,
210553.000,3.76980254524,0.00792465590381,3.33178917814,
210555.000,3.76961503952,0.00762464674825,3.33178917814,
210557.000,3.76961503952,0.00807466048158,3.33178917814,
210558.000,3.76961503952,0.00867467879269,3.33178917814,
210600.000,3.76961503952,0.00777465132603,3.33178917814,
210602.000,3.76961503952,0.00747464217048,3.33178917814,
210603.000,3.7694275338,0.00777465132603,3.33178917814,
210605.000,3.7694275338,0.00822466505936,3.33178917814,
210607.000,3.7694275338,0.00822466505936,3.33178917814,
210608.000,3.7694275338,0.00762464674825,3.33178917814,
210610.000,3.76924002808,0.00777465132603,3.33178917814,
210612.000,3.76924002808,0.00777465132603,3.33178917814,
210613.000,3.76924002808,0.00777465132603,3.33178917814,
210615.000,3.76924002808,0.00792465590381,3.33178917814,
210617.000,3.76924002808,0.00762464674825,3.33178917814,
210618.000,3.76905252235,0.00822466505936,3.33178917814,
210620.000,3.76905252235,0.00807466048158,3.33178917814,
210622.000,3.76905252235,0.00762464674825,3.33197668386,
210623.000,3.76905252235,0.00717463301492,3.33178917814,
210625.000,3.76905252235,0.0073246375927,3.33178917814,
210627.000,3.76886501663,0.00792465590381,3.33178917814,
210628.000,3.76886501663,0.00792465590381,3.33178917814,
210630.000,3.76886501663,0.00882468337046,3.33178917814,
210632.000,3.76867751091,0.00822466505936,3.33178917814,
210633.000,3.76886501663,0.00897468794824,3.33178917814,
210635.000,3.76867751091,0.00867467879269,3.33178917814,
210637.000,3.76867751091,0.00912469252602,3.33178917814,
210638.000,3.76867751091,0.00897468794824,3.33178917814,
210640.000,3.76849000519,0.00882468337046,3.33178917814,
210642.000,3.76867751091,0.00867467879269,3.33197668386,
210643.000,3.76849000519,0.00837466963713,3.33178917814,
210645.000,3.76849000519,0.00882468337046,3.33178917814,
210647.000,3.76849000519,0.0101747245705,3.33178917814,
210648.000,3.76830249947,0.00957470625935,3.33178917814,
210650.000,3.76830249947,0.0101747245705,3.33178917814,
210652.000,3.76830249947,0.00897468794824,3.33178917814,
210653.000,3.76830249947,0.00762464674825,3.33178917814,
210655.000,3.76830249947,0.00702462843715,3.33197668386,
210657.000,3.76811499374,0.00837466963713,3.33178917814,
210658.000,3.76811499374,0.0100247199927,3.33178917814,
210700.000,3.76811499374,0.0113747611927,3.33178917814,
210702.000,3.76811499374,0.0107747428816,3.33178917814,
210703.000,3.76811499374,0.0098747154149,3.33160167241,
210705.000,3.76792748802,0.0121247840815,3.33160167241,
210707.000,3.76792748802,0.0157248939482,3.33160167241,
210708.000,3.76792748802,0.0115247657704,3.33160167241,
210710.000,3.76792748802,0.0166249214148,3.33160167241,
210712.000,3.76792748802,0.0292253059481,3.33160167241,
210713.000,3.7677399823,0.0377755668813,3.33160167241,
210715.000,3.76792748802,0.0584761986145,3.33160167241,
210717.000,3.7677399823,0.109177745903,3.33160167241,
210718.000,3.7677399823,0.141878743858,3.33160167241,
210720.000,3.7677399823,0.188230158391,3.33160167241,
210722.000,3.7677399823,0.209830817591,3.33160167241,
210723.000,3.76755247658,0.220631147191,3.33160167241,
210725.000,3.76755247658,0.220631147191,3.33160167241,
210727.000,3.76755247658,0.210880849635,3.33160167241,
210728.000,3.76755247658,0.224381261635,3.33160167241,
210730.000,3.76755247658,0.245231897946,3.33141416669,
210732.000,3.76755247658,0.238781701102,3.33160167241,
210733.000,3.76736497085,0.228281380657,3.33160167241,
210735.000,3.76736497085,0.20788075808,3.33141416669,
210737.000,3.76736497085,0.135428547014,3.33141416669,
210738.000,3.76736497085,0.11142781457,3.33160167241,
210740.000,3.76736497085,0.101227503281,3.33160167241,
210742.000,3.76717746513,0.133028473769,3.33141416669,
210743.000,3.75817719047,1.34326540727,3.33141416669,
210927.000,3.75030195013,1.15155955687,3.33122666097,
210937.000,3.75986474197,0.237431659902,3.33122666097,
210938.000,3.75330204169,0.869850959807,3.33103915525,
211122.000,3.74636432997,0.862800744652,3.33103915525,
211132.000,3.75517709891,0.252432117679,3.33122666097,
211133.000,3.75517709891,0.252432117679,3.33122666097,
211135.000,3.75517709891,0.248081984924,3.33122666097,
211137.000,3.75536460463,0.247181957457,3.33122666097,
211138.000,3.75536460463,0.251232081057,3.33122666097,
211140.000,3.75555211035,0.254082168035,3.33122666097,
211142.000,3.75555211035,0.242981829279,3.33122666097,
211143.000,3.75555211035,0.254532181768,3.33122666097,
211145.000,3.75555211035,0.256332236702,3.33122666097,
211147.000,3.75555211035,0.255882222968,3.33122666097,
211148.000,3.75573961608,0.253182140568,3.33122666097,
211150.000,3.75555211035,0.248682003235,3.33122666097,
211152.000,3.75555211035,0.256932255013,3.33122666097,
211153.000,3.75555211035,0.262032410657,3.33103915525,
211155.000,3.75555211035,0.258732309946,3.33103915525,
211157.000,3.75555211035,0.256332236702,3.33122666097,
211158.000,3.75573961608,0.252732126835,3.33122666097,
211200.000,3.75555211035,0.254832190924,3.33103915525,
211202.000,3.75555211035,0.259182323679,3.33122666097,
211203.000,3.75555211035,0.262332419813,3.33122666097,
211205.000,3.75555211035,0.268332602924,3.33122666097,
211207.000,3.75573961608,0.262932438124,3.33103915525,
211208.000,3.75555211035,0.264732493057,3.33103915525,
211210.000,3.75573961608,0.270732676168,3.33103915525,
211212.000,3.75555211035,0.274332786035,3.33122666097,
211213.000,3.75555211035,0.27058267159,3.33103915525,
211215.000,3.75555211035,0.255132200079,3.33103915525,
211217.000,3.75555211035,0.27058267159,3.33103915525,
211218.000,3.75555211035,0.271482699057,3.33103915525,
211220.000,3.75555211035,0.276132840968,3.33122666097,
211222.000,3.75555211035,0.239531723991,3.33103915525,
211223.000,3.75555211035,0.0964273567919,3.33103915525,
211225.000,3.75555211035,0.0893771416364,3.33103915525,
211227.000,3.75555211035,0.0890771324808,3.33103915525,
211228.000,3.75555211035,0.0833769585253,3.33103915525,
211230.000,3.75555211035,0.0868270638142,3.33103915525,
211232.000,3.75555211035,0.089677150792,3.33085164953,
211233.000,3.75536460463,0.085627027192,3.33103915525,
211235.000,3.75536460463,0.0848770043031,3.33103915525,
211237.000,3.75555211035,0.0818769127476,3.33103915525,
211238.000,3.75555211035,0.0821769219031,3.33085164953,
211240.000,3.75536460463,0.0845769951476,3.33085164953,
211242.000,3.75536460463,0.177879842524,3.33103915525,
211243.000,3.75555211035,0.148178936125,3.33122666097,
211245.000,3.75536460463,0.179079879147,3.33103915525,
211247.000,3.75536460463,0.178479860836,3.33103915525,
211248.000,3.75536460463,0.173529709769,3.33103915525,
211250.000,3.75536460463,0.169479586169,3.33103915525,
211252.000,3.75536460463,0.171879659413,3.33103915525,
211253.000,3.74692684713,1.09485782647,3.33103915525,
211437.000,3.74111416974,0.982654402295,3.33103915525,
211447.000,3.75030195013,0.00972471083712,3.33122666097,
211448.000,3.74336423841,0.644544083987,3.33103915525,
211632.000,3.73717654958,0.962403784295,3.33103915525,
211911.303,3.74636432997,0.00852467421491,3.33103915525,
212032.000,3.73548899808,1.08285746025,3.33122666097,
212044.000,3.74486428419,0.00642461012604,3.33122666097,
212046.000,3.74505178991,0.00762464674825,3.33122666097,
212047.000,3.74505178991,0.0073246375927,3.33122666097,
212049.000,3.74505178991,0.00807466048158,3.33122666097,
212051.000,3.74505178991,0.00837466963713,3.33122666097,
212052.000,3.74486428419,0.00822466505936,3.33122666097,
212054.000,3.74505178991,0.00912469252602,3.33122666097,
212056.000,3.74486428419,0.00957470625935,3.33122666097,
212057.000,3.74505178991,0.00822466505936,3.33141416669,
212059.000,3.74486428419,0.0073246375927,3.33141416669,
212101.000,3.74486428419,0.0109247474593,3.33122666097,
212102.000,3.74505178991,0.0101747245705,3.33122666097,
212104.000,3.74486428419,0.00852467421491,3.33122666097,
212106.000,3.74505178991,0.00972471083712,3.33141416669,
212107.000,3.74486428419,0.00837466963713,3.33141416669,
212109.000,3.74486428419,0.00897468794824,3.33141416669,
212111.000,3.74505178991,0.00882468337046,3.33141416669,
212112.000,3.74505178991,0.00822466505936,3.33122666097,
212114.000,3.74486428419,0.00807466048158,3.33141416669,
212116.000,3.74467677847,0.00882468337046,3.33141416669,
212117.000,3.74486428419,0.00972471083712,3.33141416669,
212119.000,3.74486428419,0.00837466963713,3.33141416669,
212121.000,3.74486428419,0.00972471083712,3.33122666097,
212122.000,3.74486428419,0.00957470625935,3.33141416669,
212124.000,3.74486428419,0.00927469710379,3.33141416669,
212126.000,3.74486428419,0.00852467421491,3.33141416669,
212127.000,3.74486428419,0.00852467421491,3.33141416669,
212129.000,3.74467677847,0.00852467421491,3.33122666097,
212131.000,3.74486428419,0.00882468337046,3.33122666097,
212132.000,3.74467677847,0.0103247291482,3.33141416669,
212134.000,3.74448927274,0.0110747520371,3.33122666097,
212136.000,3.74448927274,0.010474733726,3.33122666097,
212137.000,3.74448927274,0.00702462843715,3.33122666097,
212139.000,3.74448927274,0.0176749534593,3.33103915525,
212141.000,3.74448927274,0.0212750633259,3.33103915525,
212142.000,3.74448927274,0.0338754478591,3.33103915525,
212144.000,3.74430176702,0.0502259468368,3.33103915525,
212146.000,3.74430176702,0.0853270180364,3.33085164953,
212147.000,3.74448927274,0.105127622303,3.33103915525,
212149.000,3.74448927274,0.144878835414,3.33103915525,
212151.000,3.74430176702,0.161379338969,3.33085164953,
212152.000,3.74430176702,0.158679256569,3.33085164953,
212154.000,3.74430176702,0.157029206214,3.33085164953,
212156.000,3.74430176702,0.152229059725,3.33085164953,
212157.000,3.74430176702,0.157629224525,3.33085164953,
212159.000,3.74430176702,0.165429462569,3.33085164953,
212201.000,3.74430176702,0.17142964568,3.33085164953,
212202.000,3.7356765038,1.00980523087,3.33085164953,
212346.000,3.72798876919,0.893701687674,3.33028913236,
212356.000,3.73811407819,0.228431385235,3.33028913236,
212357.000,3.73830158391,0.231281472213,3.33028913236,
212359.000,3.73830158391,0.244031861324,3.33010162664,
212401.000,3.73848908963,0.235481600391,3.33010162664,
212402.000,3.73848908963,0.235781609546,3.33028913236,
212404.000,3.73848908963,0.222281197546,3.33010162664,
212406.000,3.73867659536,0.23623162328,3.33028913236,
212407.000,3.73867659536,0.240731760613,3.33028913236,
212409.000,3.73848908963,0.226931339457,3.33010162664,
212411.000,3.73867659536,0.239531723991,3.33010162664,
212412.000,3.73867659536,0.242831824702,3.33010162664,
212414.000,3.73867659536,0.23083145848,3.33028913236,
212416.000,3.73867659536,0.226631330302,3.33010162664,
212417.000,3.73867659536,0.231131467635,3.33028913236,
212419.000,3.73867659536,0.228281380657,3.33028913236,
212421.000,3.73848908963,0.236831641591,3.33028913236,
212422.000,3.73848908963,0.211330863369,3.33028913236,
212424.000,3.73848908963,0.155079146702,3.33010162664,
212426.000,3.73848908963,0.0425757133702,3.33028913236,
212427.000,3.73848908963,0.0464758323923,3.33028913236,
212429.000,3.73867659536,0.0499259376812,3.33028913236,
212431.000,3.73848908963,0.0635763542589,3.33028913236,
212432.000,3.73848908963,0.0610262764367,3.33028913236,
212434.000,3.73867659536,0.0761767387921,3.33010162664,
212436.000,3.72742625202,1.25641275674,3.33010162664,
212620.000,3.71936350597,1.38991683096,3.3306641438,
212630.000,3.73117636647,0.0664264412366,3.33047663808,
212632.000,3.72030103458,1.18561059603,3.33047663808,
212816.000,3.7137383343,1.41166749474,3.33047663808,
212826.000,3.72423865474,0.136478579058,3.3306641438,
212827.000,3.71580089724,1.23511210669,3.33047663808,
213011.000,3.70773815119,1.11900856349,3.3306641438,
