223141.299,3.71298831141,0.00597459639271,3.33460176397,
223302.000,3.70230048524,1.14060922269,3.33478926969,
223313.000,3.71130075991,0.00567458723716,3.33497677541,
223315.000,3.71148826563,0.00582459181494,3.33497677541,
223317.000,3.71148826563,0.00582459181494,3.33497677541,
223318.000,3.71130075991,0.00582459181494,3.33497677541,
223320.000,3.71130075991,0.00582459181494,3.33497677541,
223322.000,3.71130075991,0.00597459639271,3.33497677541,
223323.000,3.71148826563,0.00567458723716,3.33497677541,
223325.000,3.71148826563,0.00567458723716,3.33497677541,
223327.000,3.71130075991,0.00552458265938,3.33497677541,
223328.000,3.71148826563,0.00567458723716,3.33497677541,
223330.000,3.71130075991,0.00582459181494,3.33497677541,
223332.000,3.71130075991,0.00567458723716,3.33497677541,
223333.000,3.71130075991,0.00567458723716,3.33497677541,
223335.000,3.71130075991,0.00567458723716,3.33497677541,
223337.000,3.71111325419,0.00582459181494,3.33497677541,
223338.000,3.71111325419,0.00582459181494,3.33497677541,
223340.000,3.71130075991,0.00567458723716,3.33497677541,
223342.000,3.71111325419,0.00567458723716,3.33497677541,
223343.000,3.71130075991,0.00552458265938,3.33497677541,
223345.000,3.71111325419,0.00552458265938,3.33497677541,
223347.000,3.71111325419,0.00567458723716,3.33497677541,
223348.000,3.71111325419,0.00552458265938,3.33497677541,
223350.000,3.71111325419,0.00537457808161,3.33516428114,
223352.000,3.71111325419,0.00567458723716,3.33497677541,
223353.000,3.71111325419,0.00567458723716,3.33497677541,
223355.000,3.71111325419,0.00567458723716,3.33497677541,
223357.000,3.71092574847,0.00552458265938,3.33497677541,
223358.000,3.71092574847,0.00567458723716,3.33497677541,
223400.000,3.71092574847,0.00567458723716,3.33516428114,
223402.000,3.71092574847,0.00567458723716,3.33497677541,
223403.000,3.71092574847,0.00567458723716,3.33497677541,
223405.000,3.71092574847,0.00567458723716,3.33516428114,
223407.000,3.71073824274,0.00567458723716,3.33516428114,
223408.000,3.71092574847,0.00552458265938,3.33497677541,
223410.000,3.71073824274,0.00567458723716,3.33497677541,
223412.000,3.71073824274,0.00552458265938,3.33497677541,
223413.000,3.71073824274,0.00582459181494,3.33497677541,
223415.000,3.71073824274,0.00117444990387,3.33516428114,
223417.000,3.71073824274,0.000574431592761,3.33516428114,
223418.000,3.71055073702,0.000124417859432,3.33516428114,
223420.000,3.71055073702,0.000274422437208,3.33516428114,
223422.000,3.71055073702,0.00147445905942,3.33497677541,
223423.000,3.71073824274,0.00177446821497,3.33516428114,
223425.000,3.71055073702,-0.00677579271828,3.33516428114,
223427.000,3.7103632313,-0.00842584307382,3.33497677541,
223428.000,3.7103632313,-0.00617577440718,3.33516428114,
223430.000,3.71055073702,-0.00557575609607,3.33516428114,
223432.000,3.7103632313,-0.0085758476516,3.33516428114,
223433.000,3.71055073702,-0.0079758293405,3.33516428114,
223435.000,3.71055073702,-0.00752581560717,3.33497677541,
223437.000,3.71055073702,-0.00737581102939,3.33516428114,
223438.000,3.7103632313,-0.0079758293405,3.33516428114,
223440.000,3.7103632313,-0.00422571489608,3.33516428114,
223442.000,3.7103632313,-0.00467572862941,3.33516428114,
223443.000,3.7103632313,-0.0079758293405,3.33516428114,
223445.000,3.7103632313,-0.00587576525163,3.33516428114,
223447.000,3.7103632313,-0.00767582018494,3.33516428114,
223448.000,3.7103632313,-0.00437571947386,3.33516428114,
223450.000,3.71017572558,-0.00467572862941,3.33516428114,
223452.000,3.71017572558,-0.00362569658498,3.33516428114,
223453.000,3.70998821986,-0.00947587511826,3.33516428114,
223455.000,3.71017572558,-0.00827583849605,3.33516428114,
223457.000,3.71017572558,-0.0085758476516,3.33478926969,
223458.000,3.71017572558,-0.00677579271828,3.33478926969,
223500.000,3.70998821986,-0.00362569658498,3.33460176397,
223502.000,3.70998821986,0.00942470168157,3.33422675253,
223503.000,3.70998821986,0.0157248939482,3.33460176397,
223505.000,3.70998821986,0.0278752647481,3.33441425825,
223507.000,3.70998821986,0.0631263405255,3.33460176397,
223508.000,3.70998821986,0.0788768211921,3.33441425825,
223510.000,3.70998821986,0.102727549059,3.33460176397,
223512.000,3.70998821986,0.0868270638142,3.33422675253,
223513.000,3.70980071413,0.0664264412366,3.33441425825,
223515.000,3.70998821986,0.0389756035035,3.3340392468,
223517.000,3.70998821986,0.0137748344371,3.33422675253,
223518.000,3.70998821986,0.00672461928159,3.33422675253,
223520.000,3.70980071413,0.0364255256813,3.33422675253,
223522.000,3.70980071413,0.0659764275033,3.3340392468,
223523.000,3.70980071413,0.0868270638142,3.3340392468,
223525.000,3.70961320841,0.0868270638142,3.3340392468,
223527.000,3.70980071413,0.0334254341258,3.33422675253,
223528.000,3.70980071413,0.0200750267037,3.33422675253,
223530.000,3.70961320841,0.0857770317698,3.3340392468,
223532.000,3.70961320841,0.109177745903,3.33422675253,
223533.000,3.70980071413,0.068826514481,3.3340392468,
223535.000,3.70961320841,0.0613262855922,3.33422675253,
223537.000,3.70961320841,0.13767861568,3.3340392468,
223538.000,3.70961320841,0.0940272835475,3.3340392468,
223540.000,3.70117545091,1.24081228065,3.33422675253,
223723.000,3.69273769341,1.22536180914,3.3323516953,
223733.000,3.70230048524,0.0451257911924,3.3323516953,
223735.000,3.69367522202,1.20781127354,3.33216418958,
223918.000,3.68486245308,1.29901405683,3.33178917814,
223928.000,3.69480025636,0.116377965636,3.33178917814,
223930.000,3.68523746452,1.30111412091,3.33178917814,
224113.000,3.67942478713,1.30126412549,3.33160167241,
224123.000,3.68936259041,0.117878011414,3.33160167241,
224125.000,3.68936259041,0.118478029725,3.33160167241,
224127.000,3.68955009613,0.118628034303,3.33178917814,
224128.000,3.68955009613,0.113227869503,3.33160167241,
224130.000,3.68973760186,0.122228144169,3.33160167241,
224132.000,3.68973760186,0.122978167058,3.33178917814,
224133.000,3.68973760186,0.123728189947,3.33178917814,
224135.000,3.68992510758,0.12822832728,3.33160167241,
224137.000,3.68973760186,0.130478395947,3.33178917814,
224138.000,3.68973760186,0.127028290658,3.33178917814,
224140.000,3.68992510758,0.119078048036,3.33160167241,
224142.000,3.68992510758,0.127778313547,3.33160167241,
224143.000,3.68973760186,0.112627851192,3.33178917814,
224145.000,3.68992510758,0.121478121281,3.33178917814,
224147.000,3.6901126133,0.118328025147,3.33160167241,
224148.000,3.68973760186,0.124028199103,3.33160167241,
224150.000,3.68992510758,0.113677883236,3.33197668386,
224152.000,3.68992510758,0.107977709281,3.33197668386,
224153.000,3.68992510758,0.0890771324808,3.33141416669,
224155.000,3.68992510758,0.0517259926145,3.33178917814,
224157.000,3.68992510758,0.0274252510147,3.33160167241,
224158.000,3.68992510758,0.028625287637,3.33160167241,
224200.000,3.68992510758,0.0398756309702,3.33160167241,
224202.000,3.68992510758,0.0643263771477,3.33160167241,
224203.000,3.68973760186,0.0776767845698,3.33178917814,
224205.000,3.68992510758,0.0901271645253,3.33160167241,
224207.000,3.68992510758,0.094327292703,3.33160167241,
224208.000,3.68992510758,0.0913272011475,3.33160167241,
224210.000,3.68992510758,0.0874270821253,3.33160167241,
224212.000,3.68073732719,1.26046288034,3.33160167241,
224356.000,3.67586217841,1.18816067385,3.33160167241,
224406.000,3.68617499313,-0.00362569658498,3.33178917814,
224408.000,3.67754972991,1.15995981323,3.33178917814,
224552.000,3.67361210974,1.18816067385,3.33178917814,
224602.000,3.68373741874,0.0404756492813,3.33178917814,
224603.000,3.67454963836,1.21216140629,3.33178917814,
224747.000,3.66873696097,1.26961315958,3.33122666097,
224757.000,3.68092483291,0.0575761711478,3.33141416669,
224758.000,3.68129984436,0.0583261940367,3.33103915525,
224800.000,3.68148735008,0.0572761619922,3.33122666097,
224802.000,3.68129984436,0.0586262031922,3.33122666097,
224803.000,3.68148735008,0.0586262031922,3.33141416669,
224805.000,3.68148735008,0.0583261940367,3.33122666097,
224807.000,3.68186236152,0.0580261848811,3.33141416669,
224808.000,3.68186236152,0.0571261574145,3.33141416669,
224810.000,3.68186236152,0.0569761528367,3.33122666097,
224812.000,3.68186236152,0.0568261482589,3.33141416669,
224813.000,3.68186236152,0.0575761711478,3.33122666097,
224815.000,3.68204986724,0.0571261574145,3.33122666097,
224817.000,3.68223737297,0.0580261848811,3.33122666097,
224818.000,3.68204986724,0.0578761803034,3.33122666097,
224820.000,3.68204986724,0.0590762169256,3.33103915525,
224822.000,3.68204986724,0.0571261574145,3.33122666097,
224823.000,3.68223737297,0.0565261391034,3.33122666097,
224825.000,3.68204986724,0.0577261757256,3.33122666097,
224827.000,3.68223737297,0.0568261482589,3.33141416669,
224828.000,3.68204986724,0.0584761986145,3.33122666097,
224830.000,3.68242487869,0.0575761711478,3.33122666097,
224832.000,3.68204986724,0.0575761711478,3.33141416669,
224833.000,3.68223737297,0.0589262123478,3.33122666097,
224835.000,3.68223737297,0.0580261848811,3.33122666097,
224837.000,3.68242487869,0.0577261757256,3.33122666097,
224838.000,3.68223737297,0.0584761986145,3.33122666097,
224840.000,3.68242487869,0.0598262398144,3.33122666097,
224842.000,3.68223737297,0.0595262306589,3.33103915525,
224843.000,3.68242487869,0.06012624897,3.33122666097,
224845.000,3.68223737297,0.0584761986145,3.33122666097,
224847.000,3.68223737297,0.0532260383923,3.33122666097,
224848.000,3.68223737297,0.0526260200812,3.33122666097,
224850.000,3.68223737297,0.0521760063479,3.33103915525,
224852.000,3.68242487869,0.0524760155034,3.33122666097,
224853.000,3.68242487869,0.0461758232368,3.33103915525,
224855.000,3.68242487869,0.047375859859,3.33103915525,
224857.000,3.68242487869,0.0472258552812,3.33122666097,
224858.000,3.68223737297,0.0493259193701,3.33122666097,
224900.000,3.68223737297,0.0457258095035,3.33122666097,
224902.000,3.68223737297,0.0475258644368,3.33122666097,
224903.000,3.68242487869,0.0455758049257,3.33122666097,
224905.000,3.68223737297,0.0463258278146,3.33122666097,
224907.000,3.68242487869,0.0481258827479,3.33122666097,
224908.000,3.68223737297,0.0458758140812,3.33122666097,
224910.000,3.68223737297,0.0463258278146,3.33122666097,
224912.000,3.67304959258,1.20571120945,3.33122666097,
225056.000,3.66517435224,1.26286295358,3.33122666097,
