220806.103,,,,,00
220924.000,3959.0695,10459.8837,1580.5,-21.0,08
220925.000,3959.0695,10459.8837,1580.5,-21.0,08
220929.000,3959.0695,10459.8837,1580.6,-21.0,08
220934.000,3959.0695,10459.8837,1580.6,-21.0,08
220935.000,3959.0695,10459.8837,1580.6,-21.0,08
220936.000,3959.0695,10459.8837,1580.6,-21.0,08
220937.000,3959.0696,10459.8837,1580.6,-21.0,08
220939.000,3959.0696,10459.8837,1580.6,-21.0,08
220940.000,3959.0696,10459.8837,1580.6,-21.0,08
220941.000,3959.0696,10459.8837,1580.6,-21.0,08
220942.000,3959.0696,10459.8837,1580.6,-21.0,08
220943.000,3959.0696,10459.8837,1580.6,-21.0,08
220944.000,3959.0696,10459.8837,1580.6,-21.0,08
220945.000,3959.0696,10459.8837,1580.6,-21.0,08
220946.000,3959.0696,10459.8837,1580.6,-21.0,08
220947.000,3959.0696,10459.8837,1580.6,-21.0,08
220948.000,3959.0696,10459.8837,1580.7,-21.0,08
220949.000,3959.0696,10459.8837,1580.7,-21.0,08
220950.000,3959.0696,10459.8837,1580.7,-21.0,08
220951.000,3959.0696,10459.8837,1580.7,-21.0,08
220952.000,3959.0696,10459.8837,1580.7,-21.0,08
220953.000,3959.0696,10459.8837,1580.7,-21.0,08
220954.000,3959.0696,10459.8837,1580.7,-21.0,08
220955.000,3959.0696,10459.8837,1580.7,-21.0,09
220956.000,3959.0696,10459.8837,1580.7,-21.0,09
220957.000,3959.0696,10459.8837,1580.7,-21.0,09
220958.000,3959.0696,10459.8837,1580.7,-21.0,09
220959.000,3959.0696,10459.8837,1580.7,-21.0,09
221000.000,3959.0696,10459.8837,1580.7,-21.0,09
221001.000,3959.0696,10459.8837,1580.7,-21.0,09
221002.000,3959.0696,10459.8837,1580.7,-21.0,09
221003.000,3959.0696,10459.8837,1580.7,-21.0,09
221004.000,3959.0696,10459.8837,1580.7,-21.0,09
221005.000,3959.0696,10459.8837,1580.7,-21.0,09
221006.000,3959.0696,10459.8837,1580.7,-21.0,09
221007.000,3959.0696,10459.8837,1580.7,-21.0,09
221008.000,3959.0696,10459.8837,1580.7,-21.0,09
221009.000,3959.0696,10459.8837,1580.7,-21.0,09
221010.000,3959.0696,10459.8836,1580.9,-21.0,09
221011.000,3959.0696,10459.8835,1581.1,-21.0,09
221012.000,3959.0695,10459.8835,1581.3,-21.0,09
221013.000,3959.0695,10459.8834,1581.5,-21.0,09
221014.000,3959.0695,10459.8833,1581.7,-21.0,09
221015.000,3959.0695,10459.8833,1581.9,-21.0,09
221016.000,3959.0695,10459.8832,1582.1,-21.0,09
221017.000,3959.0695,10459.8831,1582.2,-21.0,09
221018.000,3959.0695,10459.8831,1582.4,-21.0,09
221019.000,3959.0695,10459.8830,1582.6,-21.0,09
221020.000,3959.0695,10459.8830,1582.8,-21.0,09
221021.000,3959.0695,10459.8829,1583.0,-21.0,09
221022.000,3959.0695,10459.8828,1583.1,-21.0,09
221023.000,3959.0695,10459.8828,1583.4,-21.0,09
221024.000,3959.0695,10459.8828,1583.7,-21.0,09
221025.000,3959.0695,10459.8826,1583.8,-21.0,09
221026.000,3959.0695,10459.8826,1584.0,-21.0,09
221027.000,3959.0695,10459.8826,1584.0,-21.0,09
221028.000,3959.0695,10459.8826,1584.0,-21.0,09
221029.000,3959.0695,10459.8826,1584.0,-21.0,09
221030.000,3959.0695,10459.8827,1584.0,-21.0,09
221031.000,3959.0695,10459.8826,1584.0,-21.0,09
221032.000,3959.0695,10459.8826,1584.3,-21.0,09
221033.000,3959.0695,10459.8825,1584.7,-21.0,09
221034.000,3959.0694,10459.8824,1585.9,-21.0,09
221035.000,3959.0692,10459.8822,1587.1,-21.0,09
221036.000,3959.0689,10459.8819,1587.7,-21.0,09
221037.000,3959.0688,10459.8818,1588.4,-21.0,09
221038.000,3959.0687,10459.8817,1590.0,-21.0,09
221039.000,3959.0685,10459.8816,1591.9,-21.0,09
221040.000,3959.0685,10459.8815,1594.0,-21.0,09
221041.000,3959.0684,10459.8814,1596.1,-21.0,09
221042.000,3959.0684,10459.8813,1598.3,-21.0,09
221043.000,3959.0683,10459.8813,1600.6,-21.0,09
221044.000,3959.0683,10459.8813,1602.9,-21.0,09
221045.000,3959.0682,10459.8813,1604.9,-21.0,09
221046.000,3959.0682,10459.8813,1606.8,-21.0,09
221047.000,3959.0682,10459.8814,1608.8,-21.0,09
221048.000,3959.0681,10459.8814,1610.8,-21.0,09
221049.000,3959.0680,10459.8814,1612.7,-21.0,09
221050.000,3959.0680,10459.8814,1614.8,-21.0,09
221051.000,3959.0679,10459.8813,1616.8,-21.0,09
221234.000,3959.0696,10459.8834,1700.6,-21.0,09
221235.000,3959.0696,10459.8834,1700.7,-21.0,09
221244.000,3959.0699,10459.8835,1702.0,-21.0,09
221245.000,3959.0700,10459.8835,1702.1,-21.0,09
221246.000,3959.0700,10459.8835,1702.2,-21.0,09
221247.000,3959.0699,10459.8835,1702.3,-21.0,09
221430.000,3959.0709,10459.8829,1696.8,-21.0,10
221431.000,3959.0709,10459.8829,1696.8,-21.0,10
221440.000,3959.0710,10459.8830,1696.6,-21.0,10
221441.000,3959.0710,10459.8830,1696.6,-21.0,10
221442.000,3959.0710,10459.8830,1696.5,-21.0,10
221625.000,3959.0723,10459.8801,1687.3,-21.0,10
221626.000,3959.0723,10459.8801,1687.2,-21.0,10
221635.000,3959.0726,10459.8798,1686.0,-21.0,10
221636.000,3959.0726,10459.8798,1686.0,-21.0,10
221637.000,3959.0726,10459.8797,1685.9,-21.0,10
221820.000,3959.0742,10459.8787,1676.8,-21.0,10
221821.000,3959.0742,10459.8787,1676.8,-21.0,10
221830.000,3959.0742,10459.8787,1676.7,-21.0,10
221831.000,3959.0742,10459.8787,1676.7,-21.0,10
221832.000,3959.0742,10459.8787,1676.7,-21.0,10
222015.000,3959.0736,10459.8762,1655.7,-21.0,10
222016.000,3959.0736,10459.8762,1655.5,-21.0,10
222025.000,3959.0735,10459.8763,1654.6,-21.0,10
222026.000,3959.0735,10459.8763,1654.6,-21.0,10
222027.000,3959.0735,10459.8763,1654.6,-21.0,10
222210.000,3959.0733,10459.8765,1650.0,-21.0,10
222211.000,3959.0733,10459.8765,1649.6,-21.0,10
222220.000,3959.0733,10459.8766,1649.1,-21.0,10
222221.000,3959.0733,10459.8766,1649.1,-21.0,10
222222.000,3959.0733,10459.8766,1649.0,-21.0,10
222405.000,3959.0733,10459.8766,1648.2,-21.0,10
222406.000,3959.0733,10459.8766,1648.2,-21.0,10
222415.000,3959.0733,10459.8766,1648.1,-21.0,10
222416.000,3959.0733,10459.8766,1648.1,-21.0,10
222417.000,3959.0732,10459.8764,1647.5,-21.0,10
222600.000,3959.0709,10459.8760,1625.3,-21.0,10
222601.000,3959.0709,10459.8760,1625.3,-21.0,10
