172547.314,3.77917783135,0.0154248847926,3.32616400647,
172709.000,3.76530240791,0.469788750877,3.32635151219,
172720.000,3.77580272835,0.0143748527482,3.32635151219,
172721.000,3.77580272835,0.0140748435926,3.32635151219,
172723.000,3.77580272835,0.0142248481704,3.32635151219,
172725.000,3.77580272835,0.0143748527482,3.32635151219,
172726.000,3.77599023408,0.0142248481704,3.32635151219,
172728.000,3.77580272835,0.0140748435926,3.32635151219,
172730.000,3.77580272835,0.0140748435926,3.32635151219,
172731.000,3.77580272835,0.0142248481704,3.32635151219,
172733.000,3.77580272835,0.0140748435926,3.32635151219,
172735.000,3.77580272835,0.0140748435926,3.32635151219,
172736.000,3.77580272835,0.0140748435926,3.32635151219,
172738.000,3.77580272835,0.014524857326,3.32635151219,
172740.000,3.77580272835,0.0148248664815,3.32635151219,
172741.000,3.77561522263,0.0146748619037,3.32635151219,
172743.000,3.77561522263,0.0146748619037,3.32635151219,
172745.000,3.77561522263,0.0146748619037,3.32616400647,
172746.000,3.77561522263,0.0143748527482,3.32635151219,
172748.000,3.77542771691,0.0148248664815,3.32635151219,
172750.000,3.77542771691,0.0146748619037,3.32635151219,
172751.000,3.77542771691,0.014524857326,3.32635151219,
172753.000,3.77542771691,0.0146748619037,3.32635151219,
172755.000,3.77524021119,0.0149748710593,3.32635151219,
172756.000,3.77524021119,0.0148248664815,3.32635151219,
172758.000,3.77524021119,0.0146748619037,3.32635151219,
172800.000,3.77524021119,0.0143748527482,3.32635151219,
172801.000,3.77524021119,0.0140748435926,3.32635151219,
172803.000,3.77524021119,0.0121247840815,3.32635151219,
172805.000,3.77524021119,0.0146748619037,3.32635151219,
172806.000,3.77505270547,0.0110747520371,3.32635151219,
172808.000,3.77505270547,0.0163249122593,3.32635151219,
172810.000,3.77505270547,0.0142248481704,3.32616400647,
172811.000,3.77505270547,0.0136248298593,3.32616400647,
172813.000,3.77486519974,0.0125747978149,3.32597650075,
172815.000,3.77486519974,0.019174999237,3.32616400647,
172816.000,3.77486519974,0.0161749076815,3.32597650075,
172818.000,3.77486519974,0.0133248207038,3.32597650075,
172820.000,3.77486519974,0.0152748802149,3.32616400647,
172821.000,3.77486519974,0.0167749259926,3.32597650075,
172823.000,3.77467769402,0.0179749626148,3.32616400647,
172825.000,3.77467769402,0.0157248939482,3.32597650075,
172826.000,3.77467769402,0.0146748619037,3.32616400647,
172828.000,3.7744901883,0.0152748802149,3.32616400647,
172830.000,3.7744901883,0.0173749443037,3.32616400647,
172831.000,3.7744901883,0.0166249214148,3.32597650075,
172833.000,3.7744901883,0.0193250038148,3.32597650075,
172835.000,3.7744901883,0.0203750358592,3.32597650075,
172836.000,3.77430268258,0.0206750450148,3.32597650075,
172838.000,3.77430268258,0.0202250312815,3.32597650075,
172840.000,3.77430268258,0.0190249946593,3.32597650075,
172841.000,3.76230231635,1.09290776696,3.32597650075,
173025.000,3.74842689291,0.448488100833,3.32485146641,
173035.000,3.76323984497,0.017824958037,3.32466396069,
173036.000,3.74898941008,0.985654493851,3.32466396069,
173220.000,3.7390516068,0.789298501541,3.32466396069,
173230.000,3.75630213324,0.0226251045259,3.32466396069,
173231.000,3.74092666402,0.770397924741,3.32466396069,
173415.000,3.73605151524,0.718646345408,3.32485146641,
173425.000,3.75198950163,0.0214250679037,3.32485146641,
173426.000,3.75217700735,0.0238251411481,3.32485146641,
173428.000,3.75217700735,0.0250251777703,3.32485146641,
173430.000,3.7525520188,0.0235251319926,3.32466396069,
173431.000,3.7525520188,0.0268252327036,3.32466396069,
173433.000,3.7525520188,0.0254751915036,3.32466396069,
173435.000,3.75273952452,0.0229251136814,3.32466396069,
173436.000,3.75273952452,0.0238251411481,3.32466396069,
173438.000,3.75292703024,0.0260752098148,3.32466396069,
173440.000,3.75292703024,0.0224750999481,3.32466396069,
173441.000,3.75311453597,0.0223250953703,3.32466396069,
173443.000,3.75311453597,0.0239751457259,3.32466396069,
173445.000,3.75311453597,0.0242751548814,3.32466396069,
173446.000,3.75311453597,0.0248751731925,3.32466396069,
173448.000,3.75311453597,0.0260752098148,3.32466396069,
173450.000,3.75311453597,0.0235251319926,3.32466396069,
173451.000,3.75311453597,0.0244251594592,3.32466396069,
173453.000,3.75311453597,0.0254751915036,3.32466396069,
173455.000,3.75311453597,0.0220250862148,3.32466396069,
173456.000,3.75311453597,0.0238251411481,3.32466396069,
173458.000,3.75311453597,0.025925205237,3.32466396069,
173500.000,3.75330204169,0.0224750999481,3.32466396069,
173501.000,3.75311453597,0.0206750450148,3.32466396069,
173503.000,3.75311453597,0.0184249763482,3.32466396069,
173505.000,3.73717654958,0.524390417188,3.32466396069,
173649.000,3.72761375774,0.658044495987,3.32503897214,
173659.000,3.74730185858,0.0161749076815,3.32503897214,
173701.000,3.74767687002,0.0146748619037,3.32503897214,
173703.000,3.74767687002,0.0152748802149,3.32503897214,
173705.000,3.74786437574,0.0140748435926,3.32503897214,
173706.000,3.74805188147,0.0142248481704,3.32503897214,
173708.000,3.74805188147,0.0142248481704,3.32503897214,
173710.000,3.74823938719,0.0140748435926,3.32503897214,
173711.000,3.74823938719,0.0142248481704,3.32503897214,
173713.000,3.74842689291,0.0140748435926,3.32522647786,
173715.000,3.74842689291,0.0142248481704,3.32503897214,
173716.000,3.74842689291,0.0142248481704,3.32503897214,
173718.000,3.74842689291,0.0142248481704,3.32503897214,
173720.000,3.74842689291,0.0140748435926,3.32522647786,
173721.000,3.74861439863,0.0140748435926,3.32522647786,
173723.000,3.74861439863,0.0142248481704,3.32522647786,
173725.000,3.74842689291,0.0140748435926,3.32522647786,
173726.000,3.74861439863,0.0142248481704,3.32522647786,
173728.000,3.74842689291,0.0140748435926,3.32522647786,
173730.000,3.74842689291,0.0140748435926,3.32522647786,
173731.000,3.74861439863,0.0142248481704,3.32522647786,
173733.000,3.74861439863,0.0140748435926,3.32522647786,
173735.000,3.74861439863,0.0142248481704,3.32522647786,
173736.000,3.74861439863,0.0140748435926,3.32522647786,
173738.000,3.74861439863,0.0139248390149,3.32522647786,
173740.000,3.74861439863,0.0140748435926,3.32522647786,
173741.000,3.74861439863,0.0140748435926,3.32522647786,
173743.000,3.74861439863,0.0140748435926,3.32522647786,
173745.000,3.74861439863,0.0140748435926,3.32522647786,
173746.000,3.74861439863,0.0140748435926,3.32522647786,
173748.000,3.74861439863,0.0140748435926,3.32522647786,
173750.000,3.74861439863,0.0142248481704,3.32522647786,
173751.000,3.74861439863,0.0139248390149,3.32522647786,
173753.000,3.74861439863,0.0140748435926,3.32522647786,
173755.000,3.74861439863,0.0140748435926,3.32522647786,
173756.000,3.74861439863,0.0142248481704,3.32522647786,
173758.000,3.74842689291,0.0140748435926,3.32541398358,
173800.000,3.74861439863,0.0140748435926,3.32541398358,
173801.000,3.74842689291,0.0140748435926,3.32522647786,
173803.000,3.74842689291,0.0164749168371,3.32522647786,
173805.000,3.74842689291,0.015874898526,3.32522647786,
173806.000,3.74842689291,0.0161749076815,3.32541398358,
173808.000,3.74842689291,0.015874898526,3.32541398358,
173810.000,3.74842689291,0.0148248664815,3.32541398358,
173811.000,3.74842689291,0.0154248847926,3.32522647786,
173813.000,3.74842689291,0.0209750541704,3.32522647786,
173815.000,3.74842689291,0.0163249122593,3.32522647786,
173816.000,3.74842689291,0.0142248481704,3.32541398358,
173818.000,3.74842689291,0.0107747428816,3.32522647786,
173820.000,3.74842689291,0.0143748527482,3.32522647786,
173821.000,3.74842689291,0.0115247657704,3.32541398358,
173823.000,3.74842689291,0.0115247657704,3.32522647786,
173825.000,3.73136387219,0.507289895322,3.32522647786,
174009.000,3.71973851741,1.04745637989,3.32522647786,
174019.000,3.74111416974,0.0211250587481,3.32503897214,
174021.000,3.72348863186,1.07790730918,3.32503897214,
174205.000,3.71317581713,1.04940643941,3.32503897214,
174215.000,3.73511398663,0.0175249488815,3.32503897214,
174216.000,3.73530149236,0.0173749443037,3.32503897214,
174218.000,3.73548899808,0.0157248939482,3.32503897214,
174220.000,3.7356765038,0.0173749443037,3.32503897214,
174221.000,3.71842597736,0.420587249367,3.32503897214,
174405.000,3.70773815119,1.03590602741,3.32503897214,
174415.000,3.72855128636,0.0124247932371,3.32503897214,
174416.000,3.70905069124,0.90000187994,3.32503897214,
174600.000,3.70080043947,1.04010615558,3.32541398358,
