235328.309,3.71955101169,0.00972471083712,3.3289765923,
235450.000,3.70680062258,0.680545182653,3.3289765923,
235500.000,3.71561339152,0.00942470168157,3.32916409803,
235502.000,3.71561339152,0.00942470168157,3.3289765923,
235503.000,3.71561339152,0.00927469710379,3.32916409803,
235505.000,3.71561339152,0.00957470625935,3.32916409803,
235507.000,3.71561339152,0.0128748069704,3.32916409803,
235508.000,3.71561339152,0.0128748069704,3.32916409803,
235510.000,3.71561339152,0.0127248023927,3.32916409803,
235512.000,3.71561339152,0.0121247840815,3.32916409803,
235513.000,3.71561339152,0.0119747795038,3.32916409803,
235515.000,3.71561339152,0.011824774926,3.32916409803,
235517.000,3.71561339152,0.0115247657704,3.32916409803,
235518.000,3.71561339152,0.0121247840815,3.32916409803,
235520.000,3.71561339152,0.0116747703482,3.32916409803,
235522.000,3.7154258858,0.011824774926,3.32916409803,
235523.000,3.71561339152,0.0115247657704,3.32916409803,
235525.000,3.7154258858,0.0124247932371,3.32916409803,
235527.000,3.7154258858,0.0125747978149,3.32916409803,
235528.000,3.7154258858,0.0122747886593,3.32916409803,
235530.000,3.7154258858,0.0122747886593,3.32916409803,
235532.000,3.7154258858,0.0125747978149,3.32916409803,
235533.000,3.71523838008,0.0128748069704,3.32916409803,
235535.000,3.71505087436,0.0137748344371,3.32916409803,
235537.000,3.71505087436,0.0185749809259,3.32916409803,
235538.000,3.71486336863,0.0197750175481,3.32916409803,
235540.000,3.71505087436,0.0155748893704,3.32916409803,
235542.000,3.71486336863,0.0175249488815,3.32916409803,
235543.000,3.71505087436,0.0133248207038,3.32916409803,
235545.000,3.71486336863,0.0230751182592,3.32916409803,
235547.000,3.71486336863,0.0343254615925,3.32916409803,
235548.000,3.71486336863,0.040025635548,3.32916409803,
235550.000,3.71486336863,0.0493259193701,3.32916409803,
235552.000,3.71486336863,0.0665764458144,3.32916409803,
235553.000,3.71467586291,0.0841269814142,3.32916409803,
235555.000,3.71467586291,0.109627759636,3.32916409803,
235557.000,3.71467586291,0.123578185369,3.32916409803,
235558.000,3.71467586291,0.122978167058,3.32916409803,
235600.000,3.71467586291,0.121928135014,3.32935160375,
235602.000,3.71467586291,0.153729105502,3.32916409803,
235603.000,3.71467586291,0.169779595325,3.32935160375,
235605.000,3.71467586291,0.163479403058,3.32935160375,
235607.000,3.71448835719,0.157029206214,3.32935160375,
235608.000,3.70436304819,1.33981530198,3.32935160375,
235752.000,3.69386272774,1.18801066927,3.32953910947,
235802.000,3.70398803674,0.121478121281,3.32953910947,
235803.000,3.70417554247,0.126728281503,3.32972661519,
235805.000,3.70417554247,0.120728098392,3.32972661519,
235807.000,3.70436304819,0.118478029725,3.32972661519,
235808.000,3.70417554247,0.119678066347,3.32953910947,
235810.000,3.70436304819,0.122828162481,3.32953910947,
235812.000,3.70436304819,0.114877919858,3.32953910947,
235813.000,3.70436304819,0.120278084658,3.32953910947,
235815.000,3.70436304819,0.122228144169,3.32972661519,
235817.000,3.70436304819,0.119828070925,3.32953910947,
235818.000,3.70436304819,0.119078048036,3.32972661519,
235820.000,3.70436304819,0.113677883236,3.32953910947,
235822.000,3.70436304819,0.114727915281,3.32953910947,
235823.000,3.70417554247,0.115327933592,3.32972661519,
235825.000,3.70436304819,0.120278084658,3.32953910947,
235827.000,3.70417554247,0.121778130436,3.32972661519,
235828.000,3.70417554247,0.115627942747,3.32953910947,
235830.000,3.70417554247,0.121028107547,3.32953910947,
235832.000,3.70398803674,0.118178020569,3.32953910947,
235833.000,3.70417554247,0.117127988525,3.32972661519,
235835.000,3.70398803674,0.115327933592,3.32972661519,
235837.000,3.70398803674,0.119978075503,3.32953910947,
235838.000,3.70398803674,0.117728006836,3.32953910947,
235840.000,3.70398803674,0.118328025147,3.32972661519,
235842.000,3.70380053102,0.127778313547,3.32953910947,
235843.000,3.70398803674,0.131378423414,3.32953910947,
235845.000,3.70398803674,0.149228968169,3.32953910947,
235847.000,3.70380053102,0.166929508347,3.32972661519,
235848.000,3.70380053102,0.167979540391,3.32972661519,
235850.000,3.70380053102,0.158379247414,3.32953910947,
235852.000,3.70380053102,0.178029847102,3.32972661519,
235853.000,3.7036130253,0.175329764702,3.32972661519,
235855.000,3.7036130253,0.164229425947,3.32972661519,
235857.000,3.70342551958,0.147428913236,3.32972661519,
235858.000,3.69480025636,1.18801066927,3.32972661519,
000042.000,3.68223737297,1.23916223029,3.32972661519,
000052.000,3.69536277352,0.0754267159032,3.32972661519,
000053.000,3.69536277352,0.0793268349254,3.32972661519,
000055.000,3.69555027924,0.086977068392,3.32972661519,
000057.000,3.69573778497,0.06147629017,3.32972661519,
000058.000,3.69555027924,0.0647763908811,3.32972661519,
000100.000,3.69573778497,0.0610262764367,3.32972661519,
000102.000,3.69573778497,0.06012624897,3.32972661519,
000103.000,3.69573778497,0.0616262947478,3.32972661519,
000105.000,3.69573778497,0.0634263496811,3.32972661519,
000107.000,3.69592529069,0.0589262123478,3.32972661519,
000108.000,3.69573778497,0.0604262581256,3.32972661519,
000110.000,3.69592529069,0.0572761619922,3.32972661519,
000112.000,3.69592529069,0.0610262764367,3.32972661519,
000113.000,3.69592529069,0.0631263405255,3.32972661519,
000115.000,3.69592529069,0.0619263039033,3.32972661519,
000117.000,3.69592529069,0.0602762535478,3.32972661519,
000118.000,3.69592529069,0.0608762718589,3.32972661519,
000120.000,3.69592529069,0.06282633137,3.32972661519,
000122.000,3.69592529069,0.0619263039033,3.32972661519,
000123.000,3.69592529069,0.0710765831477,3.32972661519,
000125.000,3.69573778497,0.0638763634144,3.32972661519,
000127.000,3.69592529069,0.0623763176366,3.32972661519,
000128.000,3.69592529069,0.0625263222144,3.32972661519,
000130.000,3.69592529069,0.0623763176366,3.32972661519,
000132.000,3.69573778497,0.0680764915922,3.32972661519,
000133.000,3.69573778497,0.0668764549699,3.32972661519,
000135.000,3.69573778497,0.0650764000366,3.32991412091,
000137.000,3.69592529069,0.0692765282144,3.32972661519,
000138.000,3.69573778497,0.0626763267922,3.32972661519,
000140.000,3.69592529069,0.0679264870144,3.32972661519,
000142.000,3.69573778497,0.0659764275033,3.32972661519,
000143.000,3.69573778497,0.0631263405255,3.32972661519,
000145.000,3.69573778497,0.0629763359478,3.32972661519,
000147.000,3.69573778497,0.0635763542589,3.32972661519,
000148.000,3.69573778497,0.0659764275033,3.32972661519,
000150.000,3.69573778497,0.0622263130589,3.32972661519,
000152.000,3.69573778497,0.067476473281,3.32972661519,
000153.000,3.69573778497,0.0652264046144,3.32972661519,
000155.000,3.69573778497,0.0629763359478,3.32972661519,
000157.000,3.69573778497,0.0659764275033,3.32991412091,
000158.000,3.69573778497,0.0632763451033,3.32972661519,
000200.000,3.69573778497,0.0677764824366,3.32972661519,
000202.000,3.69573778497,0.0710765831477,3.32972661519,
000203.000,3.69573778497,0.0647763908811,3.32972661519,
000205.000,3.69573778497,0.0673264687033,3.32991412091,
000207.000,3.69573778497,0.0662764366588,3.32991412091,
000208.000,3.69573778497,0.0668764549699,3.32972661519,
000210.000,3.69573778497,0.0652264046144,3.32991412091,
000212.000,3.69573778497,0.0664264412366,3.32972661519,
000213.000,3.69555027924,0.0676264778588,3.32972661519,
000215.000,3.69555027924,0.0649263954588,3.32972661519,
000217.000,3.69555027924,0.0646263863033,3.32991412091,
000218.000,3.69555027924,0.0658264229255,3.32991412091,
000220.000,3.69555027924,0.0647763908811,3.32972661519,
000222.000,3.69555027924,0.0695765373699,3.32972661519,
000223.000,3.69555027924,0.0661264320811,3.32991412091,
000225.000,3.69555027924,0.06552641377,3.32972661519,
000227.000,3.69555027924,0.0644763817255,3.32972661519,
000228.000,3.68542497024,1.16310990936,3.32991412091,
000412.000,3.67886226997,1.14765943785,3.32916409803,
000422.000,3.69161265908,0.00927469710379,3.32916409803,
000423.000,3.68148735008,1.1088082522,3.32916409803,
000607.000,3.67436213263,1.14510936003,3.32878908658,
000654.102,3.68898757897,0.00972471083712,3.32841407514,
000815.000,3.67417462691,1.16746004212,3.32822656941,
000825.000,3.68748753319,0.00972471083712,3.32822656941,
000827.000,3.68748753319,0.0100247199927,3.32822656941,
000828.000,3.68767503891,0.00972471083712,3.32822656941,
000830.000,3.68767503891,0.00972471083712,3.32822656941,
000832.000,3.68767503891,0.0098747154149,3.32822656941,
000833.000,3.68786254463,0.0098747154149,3.32822656941,
000835.000,3.68767503891,0.0109247474593,3.32822656941,
000837.000,3.68786254463,0.0107747428816,3.32822656941,
000838.000,3.68786254463,0.0106247383038,3.32822656941,
000840.000,3.68786254463,0.0107747428816,3.32822656941,
000842.000,3.68786254463,0.0107747428816,3.32822656941,
000843.000,3.68786254463,0.0106247383038,3.32822656941,
000845.000,3.68786254463,0.0106247383038,3.32822656941,
000847.000,3.68786254463,0.0112247566149,3.32803906369,
000848.000,3.68786254463,0.0112247566149,3.32803906369,
000850.000,3.68786254463,0.0106247383038,3.32822656941,
000852.000,3.68786254463,0.0121247840815,3.32803906369,
000853.000,3.68730002747,0.0119747795038,3.32803906369,
000855.000,3.68711252174,0.00537457808161,3.32803906369,
000857.000,3.68748753319,0.0128748069704,3.32803906369,
000858.000,3.68730002747,0.0121247840815,3.32803906369,
000900.000,3.68748753319,0.0179749626148,3.32803906369,
000902.000,3.68730002747,0.00957470625935,3.32803906369,
000903.000,3.68730002747,0.0122747886593,3.32803906369,
000905.000,3.68730002747,0.0256251960814,3.32803906369,
000907.000,3.68730002747,0.023225122837,3.32803906369,
000908.000,3.68730002747,0.0340254524369,3.32803906369,
000910.000,3.68730002747,0.0551760979034,3.32803906369,
000912.000,3.68711252174,0.0818769127476,3.32803906369,
000913.000,3.68730002747,0.103177562792,3.32822656941,
000915.000,3.68711252174,0.118178020569,3.32822656941,
000917.000,3.68730002747,0.115027924436,3.32822656941,
000918.000,3.68711252174,0.129278359325,3.32822656941,
000920.000,3.68711252174,0.150128995636,3.32822656941,
000922.000,3.68711252174,0.138578643147,3.32822656941,
000923.000,3.68711252174,0.136028565325,3.32841407514,
000925.000,3.68711252174,0.123578185369,3.32841407514,
000927.000,3.68711252174,0.122228144169,3.32841407514,
000928.000,3.68711252174,0.125228235725,3.32841407514,
000930.000,3.68692501602,0.127028290658,3.32860158086,
000932.000,3.68692501602,0.119528061769,3.32860158086,
000933.000,3.67567467269,1.1763103122,3.32860158086,
001117.000,3.6580491348,1.27141321451,3.32878908658,
001127.000,3.67361210974,0.13767861568,3.32878908658,
001128.000,3.66236176641,1.18411055025,3.32878908658,
001312.000,3.63179833369,1.20616122318,3.3289765923,
001322.000,3.64473622852,0.114577910703,3.3289765923,
001323.000,3.64492373424,0.116227961058,3.3289765923,
001325.000,3.64492373424,0.116977983947,3.3289765923,
001327.000,3.64492373424,0.114277901547,3.3289765923,
001328.000,3.64492373424,0.114727915281,3.3289765923,
001330.000,3.64492373424,0.116527970214,3.3289765923,
001332.000,3.64492373424,0.134678524125,3.32916409803,
001333.000,3.64492373424,0.132878469192,3.3289765923,
001335.000,3.64473622852,0.124478212836,3.32916409803,
001337.000,3.64492373424,0.109927768792,3.3289765923,
001338.000,3.64473622852,0.0704765648366,3.3289765923,
001340.000,3.64473622852,0.0776767845698,3.32916409803,
001342.000,3.6445487228,0.0770767662587,3.32916409803,
001343.000,3.6445487228,0.0764767479476,3.3289765923,
001345.000,3.64436121708,0.0752767113254,3.32916409803,
001347.000,3.64417371136,0.0737766655477,3.32916409803,
001348.000,3.64417371136,0.0746766930143,3.32916409803,
001350.000,3.64417371136,0.0749767021699,3.32916409803,
001352.000,3.64398620563,0.0748266975921,3.32916409803,
001353.000,3.64379869991,0.0740766747032,3.32916409803,
001355.000,3.64361119419,0.0752767113254,3.32916409803,
001357.000,3.64361119419,0.0739266701254,3.32916409803,
001358.000,3.64342368847,0.0746766930143,3.32916409803,
001400.000,3.64342368847,0.0760267342143,3.32916409803,
001402.000,3.64323618274,0.0733266518143,3.32916409803,
001403.000,3.64304867702,0.0740766747032,3.32916409803,
001405.000,3.6428611713,0.0764767479476,3.32916409803,
001407.000,3.64267366558,0.0754267159032,3.32916409803,
001408.000,3.64267366558,0.0751267067476,3.32916409803,
001410.000,3.64229865413,0.0808268807031,3.32916409803,
001412.000,3.64229865413,0.0775267799921,3.32916409803,
001413.000,3.64229865413,0.0764767479476,3.32916409803,
001415.000,3.64192364269,0.0763267433699,3.32916409803,
001417.000,3.64192364269,0.0770767662587,3.32916409803,
001418.000,3.64173613697,0.0788768211921,3.32935160375,
001420.000,3.64154863124,0.0775267799921,3.32916409803,
001422.000,3.64136112552,0.0812768944365,3.32916409803,
001423.000,3.6411736198,0.0841269814142,3.32916409803,
001425.000,3.6411736198,0.0800768578143,3.32916409803,
001427.000,3.64079860836,0.0805268715476,3.32916409803,
001428.000,3.64079860836,0.0812768944365,3.32916409803,
001430.000,3.64061110263,0.0821769219031,3.32916409803,
001432.000,3.64023609119,0.081576903592,3.32935160375,
001433.000,3.64023609119,0.080226862392,3.32935160375,
001435.000,3.64004858547,0.0803768669698,3.32935160375,
001437.000,3.63986107974,0.0803768669698,3.32935160375,
001438.000,3.63967357402,0.0803768669698,3.32916409803,
001440.000,3.6394860683,0.0799268532365,3.32916409803,
001442.000,3.63929856258,0.0826269356365,3.32916409803,
001443.000,3.63911105686,0.0797768486587,3.32916409803,
001445.000,3.63892355113,0.0791768303476,3.32935160375,
001447.000,3.63873604541,0.0790268257698,3.32935160375,
001448.000,3.63873604541,0.0796268440809,3.32916409803,
001450.000,3.63854853969,0.0797768486587,3.32916409803,
001452.000,3.63817352824,0.0812768944365,3.32916409803,
001453.000,3.63798602252,0.0814268990143,3.32935160375,
001455.000,3.6377985168,0.082926944792,3.32935160375,
001457.000,3.63761101108,0.0824769310587,3.32935160375,
001458.000,3.63742350536,0.0808268807031,3.32935160375,
001500.000,3.63723599963,0.0803768669698,3.32916409803,
001502.000,3.63704849391,0.0782768028809,3.32916409803,
001503.000,3.63686098819,0.0793268349254,3.32935160375,
001505.000,3.63667348247,0.0794768395032,3.32916409803,
001507.000,3.63648597674,0.0806768761254,3.32935160375,
001508.000,3.63629847102,0.0785768120365,3.32935160375,
001510.000,3.6361109653,0.0799268532365,3.32916409803,
001512.000,3.63592345958,0.0793268349254,3.32916409803,
001513.000,3.63573595386,0.0799268532365,3.32935160375,
001515.000,3.63554844813,0.0796268440809,3.32935160375,
001517.000,3.63536094241,0.0784268074587,3.32935160375,
001518.000,3.63517343669,0.0748266975921,3.32935160375,
001520.000,3.63498593097,0.0689765190588,3.32935160375,
001522.000,3.63461091952,0.05742616657,3.32935160375,
001523.000,3.63461091952,0.0523260109256,3.32935160375,
001525.000,3.63423590808,0.0397256263924,3.32935160375,
001527.000,3.61886043886,1.19731095309,3.32935160375,
001711.000,3.56429627369,1.08150741905,3.32822656941,
001721.000,3.57723416852,0.00942470168157,3.32822656941,
001723.000,3.56260872219,1.1250087466,3.32822656941,
001907.000,3.49060652486,1.05585663625,3.3289765923,
