Ch1 V, RH(%), Ch2 V, Temp (C)
0.00625019074068,-39.8168889431,0.00396740623188,0.158696249275
0.00650019837031,-39.8095645009,0.00389110995819,0.155644398328
0.00625019074068,-39.8168889431,0.00396740623188,0.158696249275
0.00650019837031,-39.8095645009,0.00389110995819,0.155644398328
1.3164151738,-1.43314920499,0.517365031892,20.6946012757
1.32579045991,-1.15848261971,0.52415540025,20.96621601
1.32629047517,-1.14383373516,0.530030213324,21.201208533
1.3265404828,-1.13650929289,0.533082064272,21.3232825709
1.32691549425,-1.12552262947,0.53613391522,21.4453566088
1.32691549425,-1.12552262947,0.537965025788,21.5186010315
1.32679049043,-1.12918485061,0.538804284799,21.5521713919
1.32704049806,-1.12186040834,0.538880581072,21.5552232429
1.32729050569,-1.11453596606,0.53903317362,21.5613269448
1.32716550188,-1.1181981872,0.539109469893,21.5643787957
1.32741550951,-1.11087374493,0.53903317362,21.5613269448
1.32716550188,-1.1181981872,0.539109469893,21.5643787957
1.32741550951,-1.11087374493,0.53903317362,21.5613269448
1.32741550951,-1.11087374493,0.53903317362,21.5613269448
0.373386394848,-29.0609454634,0.111545152135,4.46180608539
0.00650019837031,-39.8095645009,0.0038148136845,0.15259254738
0.00650019837031,-39.8095645009,0.00396740623188,0.158696249275
0.00625019074068,-39.8168889431,0.00396740623188,0.158696249275
0.00662520218513,-39.8059022797,0.0038148136845,0.15259254738
0.0063751945555,-39.813226722,0.00404370250557,0.161748100223
0.00650019837031,-39.8095645009,0.0038148136845,0.15259254738
0.0063751945555,-39.813226722,0.00404370250557,0.161748100223
0.00650019837031,-39.8095645009,0.00389110995819,0.155644398328
Ch1 V, RH(%), Ch2 V, Temp (C)
0.00662520218513,-39.6819902951,0.00662520218513,0.265008087405
0.00662520218513,-39.6819902951,0.00675020599994,0.270008239998
0.0063751945555,-39.6939906613,0.0063751945555,0.25500778222
0.00650019837031,-39.6879904782,0.00662520218513,0.265008087405
1.31604016236,23.1699277932,0.877651783807,35.1060713523
1.32579045991,23.6379420759,0.88240192877,35.2960771508
1.32679049043,23.6859435408,0.884151982177,35.3660792871
1.32679049043,23.6859435408,0.885277016511,35.4110806604
1.32704049806,23.697943907,0.885402020325,35.416080813
1.32716550188,23.7039440901,0.885652027955,35.4260811182
1.32741550951,23.7159444563,0.885152012696,35.4060805078
1.32741550951,23.7159444563,0.885277016511,35.4110806604
1.32729050569,23.7099442732,0.884777001251,35.3910800501
1.32754051332,23.7219446394,0.884651997436,35.3860798975
1.32766551714,23.7279448225,0.884026978362,35.3610791345
1.32791552477,23.7399451888,0.884276985992,35.3710794397
1.32754051332,23.7219446394,0.883901974548,35.3560789819
1.32779052095,23.7339450056,0.854151066622,34.1660426649
1.32766551714,23.7279448225,0.713771782586,28.5508713034
1.32766551714,23.7279448225,0.612268684957,24.4907473983
1.32754051332,23.7219446394,0.516390758995,20.6556303598
1.32754051332,23.7219446394,0.419887813959,16.7955125584
1.32779052095,23.7339450056,0.345135532701,13.805421308
1.32754051332,23.7219446394,0.278508499405,11.1403399762
1.32779052095,23.7339450056,0.238007263405,9.52029053621
1.32716550188,23.7039440901,0.201756157109,8.07024628437
1.32754051332,23.7219446394,0.180880520035,7.23522080142
1.32704049806,23.697943907,0.160379894406,6.41519577624
1.32741550951,23.7159444563,0.149129551073,5.96518204291
1.32716550188,23.7039440901,0.137254188665,5.49016754662
1.32741550951,23.7159444563,0.130753990295,5.2301596118
1.32716550188,23.7039440901,0.123628772851,4.94515091403
1.32729050569,23.7099442732,0.119628650777,4.78514603107
1.32679049043,23.6859435408,0.115378521073,4.61514084292
1.32716550188,23.7039440901,0.112503433332,4.50013733329
1.32691549425,23.6919437239,0.109628345592,4.38513382366
1.32704049806,23.697943907,0.107753288369,4.31013153478
1.32666548662,23.6799433576,0.106378246406,4.25512985626
1.32691549425,23.6919437239,0.104878200629,4.19512802515
1.32679049043,23.6859435408,0.103753166295,4.15012665181
1.32679049043,23.6859435408,0.102628131962,4.10512527848
1.32704049806,23.697943907,0.102003112888,4.08012451552
1.3265404828,23.6739431745,0.101378093814,4.05512375256
1.32679049043,23.6859435408,0.101128086184,4.04512344737
1.3265404828,23.6739431745,0.100628070925,4.025122837
1.32679049043,23.6859435408,0.100628070925,4.025122837
1.32641547899,23.6679429914,0.100628070925,4.025122837
1.32679049043,23.6859435408,0.100253059481,4.01012237922
1.3265404828,23.6739431745,0.10050306711,4.02012268441
1.3265404828,23.6739431745,0.100253059481,4.01012237922
1.32629047517,23.6619428083,0.100253059481,4.01012237922
1.32629047517,23.6619428083,0.100003051851,4.00012207404
1.32641547899,23.6679429914,0.100003051851,4.00012207404
1.32641547899,23.6679429914,0.100378063295,4.01512253182
1.32641547899,23.6679429914,0.100253059481,4.01012237922
1.32641547899,23.6679429914,0.10050306711,4.02012268441
1.32629047517,23.6619428083,0.100628070925,4.025122837
1.32641547899,23.6679429914,0.101128086184,4.04512344737
1.32616547136,23.6559426252,0.15112961211,6.04518448439
1.32641547899,23.6679429914,0.290758873257,11.6303549303
1.32616547136,23.6559426252,0.485764824366,19.4305929746
1.32641547899,23.6679429914,0.594268135624,23.770725425
1.32616547136,23.6559426252,0.702021423994,28.0808569597
1.3265404828,23.6739431745,0.756023071993,30.2409228797
1.32616547136,23.6559426252,0.799899410993,31.9959764397
1.32629047517,23.6619428083,0.8252751854,33.011007416
1.32616547136,23.6559426252,0.843275734733,33.7310293893
1.32641547899,23.6679429914,0.854401074252,34.1760429701
1.32629047517,23.6619428083,0.861776299326,34.471051973
1.32616547136,23.6559426252,0.866526444288,34.6610577715
1.32641547899,23.6679429914,0.870526566362,34.8210626545
1.32616547136,23.6559426252,0.873401654103,34.9360661641
1.3265404828,23.6739431745,0.875776726585,35.0310690634
1.32616547136,23.6559426252,0.876651753288,35.0660701315
1.32641547899,23.6679429914,0.878026795251,35.1210718101
1.32616547136,23.6559426252,0.879151829585,35.1660731834
1.32629047517,23.6619428083,0.880026856288,35.2010742515
1.3265404828,23.6739431745,0.880401867733,35.2160747093
1.32616547136,23.6559426252,0.881151890622,35.2460756249
1.32616547136,23.6559426252,0.881401898251,35.2560759301
1.32641547899,23.6679429914,0.882276924955,35.2910769982
1.3265404828,23.6739431745,0.884151982177,35.3660792871
1.32641547899,23.6679429914,0.956779198584,38.2711679434
1.32641547899,23.6679429914,1.28828931547,51.5315726188
1.3265404828,23.6739431745,1.55704751732,62.2819006928
1.32629047517,23.6619428083,1.75055342265,70.022136906
1.32679049043,23.6859435408,1.86055677969,74.4222711875
1.32691549425,23.6919437239,1.94205926695,77.6823706778
1.32666548662,23.6799433576,1.99931101413,79.9724405652
1.32691549425,23.6919437239,2.03418707846,81.3674831385
1.32666548662,23.6799433576,2.06668807031,82.6675228126
1.32691549425,23.6919437239,2.08731369976,83.4925479904
1.32691549425,23.6919437239,2.10631427961,84.2525711844
1.3265404828,23.6739431745,2.11743961913,84.6975847652
1.3265404828,23.6739431745,2.13106503494,85.2426013977
1.32679049043,23.6859435408,2.14231537828,85.6926151311
1.32679049043,23.6859435408,2.15331571398,86.1326285592
1.32679049043,23.6859435408,2.15944090091,86.3776360363
1.32666548662,23.6799433576,2.16706613361,86.6826453444
1.32666548662,23.6799433576,2.17169127476,86.8676509903
1.32691549425,23.6919437239,2.17669142735,87.067657094
1.32666548662,23.6799433576,2.18319162572,87.3276650288
1.3265404828,23.6739431745,2.18931681265,87.5726725059
1.32666548662,23.6799433576,2.19419196142,87.767678457
1.32691549425,23.6919437239,2.20069215979,88.0276863918
1.32666548662,23.6799433576,2.20794238105,88.3176952422
1.32666548662,23.6799433576,2.21294253365,88.5177013459
1.3265404828,23.6739431745,2.21756767479,88.7027069918
1.3265404828,23.6739431745,2.21981774346,88.7927097385
1.32666548662,23.6799433576,2.21981774346,88.7927097385
1.3265404828,23.6739431745,2.2193177282,88.7727091281
1.32629047517,23.6619428083,2.21831769768,88.7327079073
1.32641547899,23.6679429914,2.21794268624,88.7177074496
1.32629047517,23.6619428083,2.21581762139,88.6327048555
1.32641547899,23.6679429914,2.21494259468,88.5977037873
1.3265404828,23.6739431745,2.21231751457,88.4927005829
1.3265404828,23.6739431745,2.21044245735,88.417698294
1.32641547899,23.6679429914,2.21281752983,88.5127011933
1.32679049043,23.6859435408,2.2184427015,88.7377080599
1.32666548662,23.6799433576,2.22569292276,89.0277169103
1.32666548662,23.6799433576,2.22869301431,89.1477205725
1.32666548662,23.6799433576,2.22919302957,89.1677211829
1.3265404828,23.6739431745,2.22994305246,89.1977220985
1.32641547899,23.6679429914,2.23094308298,89.2377233192
1.32641547899,23.6679429914,2.23094308298,89.2377233192
1.32629047517,23.6619428083,2.23069307535,89.227723014
1.32641547899,23.6679429914,2.23219312113,89.2877248451
1.32641547899,23.6679429914,2.23744328135,89.497731254
1.32666548662,23.6799433576,2.24306845302,89.7227381207
1.32666548662,23.6799433576,2.24681856746,89.8727426984
1.3265404828,23.6739431745,2.24906863613,89.9627454451
1.3265404828,23.6739431745,2.2488186285,89.9527451399
1.32641547899,23.6679429914,2.24281844539,89.7127378155
1.32641547899,23.6679429914,2.23756828516,89.5027314066
1.32679049043,23.6859435408,2.23406817835,89.362727134
1.32629047517,23.6619428083,2.23244312876,89.2977251503
1.32666548662,23.6799433576,2.03243702506,81.2974810022
1.3265404828,23.6739431745,1.72492764061,68.9971056246
1.32666548662,23.6799433576,1.4615446028,58.4617841121
1.32629047517,23.6619428083,1.2995396588,51.9815863521
1.32679049043,23.6859435408,1.17916098514,47.1664394055
1.32641547899,23.6679429914,1.09890853603,43.9563414411
1.32666548662,23.6799433576,1.04903201392,41.9612805567
1.32641547899,23.6679429914,1.01028083132,40.411233253
1.32666548662,23.6799433576,0.986780114139,39.4712045656
1.32641547899,23.6679429914,0.966529496139,38.6611798456
1.32666548662,23.6799433576,0.955029145177,38.2011658071
1.32641547899,23.6679429914,0.944403820917,37.7761528367
1.32641547899,23.6679429914,0.938653645436,37.5461458174
1.32666548662,23.6799433576,0.933278481399,37.331139256
1.32641547899,23.6679429914,0.930278389843,37.2111355937
1.32679049043,23.6859435408,0.926528275399,37.061131016
1.32666548662,23.6799433576,0.924278206732,36.9711282693
1.32716550188,23.7039440901,0.921778130436,36.8711252174
1.32691549425,23.6919437239,0.920028077029,36.8011230811
1.32704049806,23.697943907,0.917528000732,36.7011200293
1.32729050569,23.7099442732,0.916527970214,36.6611188086
1.32716550188,23.7039440901,0.914652912992,36.5861165197
1.32729050569,23.7099442732,0.920778099918,36.8311239967
1.32729050569,23.7099442732,1.05165709403,42.0662837611
1.32741550951,23.7159444563,1.26678865932,50.6715463729
1.32729050569,23.7099442732,1.55079732658,62.0318930631
1.32754051332,23.7219446394,1.81018024232,72.4072096927
1.32779052095,23.7339450056,1.96030982391,78.4123929563
1.32804052858,23.7459453719,1.93318399609,77.3273598437
1.32804052858,23.7459453719,1.6606756798,66.427027192
1.32779052095,23.7339450056,1.38066713462,55.2266853847
1.32804052858,23.7459453719,1.23628772851,49.4515091403
1.32829053621,23.7579457381,1.11290896329,44.5163585314
1.3281655324,23.751945555,1.05265712455,42.1062849818
1.32804052858,23.7459453719,1.00015552232,40.006220893
1.32854054384,23.7699461043,0.978154850917,39.1261940367
1.32754051332,23.7219446394,0.975029755547,39.0011902219
1.32866554765,23.7759462874,0.975154759362,39.0061903745
1.32979058199,23.8299479354,0.983905026399,39.3562010559
1.33229065828,23.9499515976,0.994030335398,39.7612134159
1.33541575365,24.0999561754,0.990405224769,39.6162089908
1.3382908414,24.237960387,0.957904232917,38.3161693167
1.34029090243,24.3339633168,0.930778405103,37.2311362041
1.34266597491,24.4479667959,0.913152867214,36.5261146886
1.34429102451,24.5259691763,0.895027314066,35.8010925626
1.3459160741,24.6039715567,0.878151799066,35.1260719626
1.34616608173,24.615971923,0.867151463363,34.6860585345
1.34729111606,24.669973571,0.854776085696,34.1910434278
1.34779113132,24.6939743034,0.846650837733,33.8660335093
1.34854115421,24.7299754021,0.839650624104,33.5860249641
1.34854115421,24.7299754021,0.836025513474,33.441020539
1.34966618854,24.7839770501,0.833400433363,33.3360173345
1.34966618854,24.7839770501,0.83177538377,33.2710153508
1.3501662038,24.8079777825,0.830900357067,33.2360142827
1.34991619617,24.7959774163,0.830650349437,33.2260139775
1.35041621143,24.8199781487,0.830650349437,33.2260139775
1.35041621143,24.8199781487,0.831025360881,33.2410144353
1.35041621143,24.8199781487,0.831650379955,33.2660151982
1.35041621143,24.8199781487,0.832400402844,33.2960161138
1.35029120762,24.8139779656,0.834150456252,33.3660182501
1.3501662038,24.8079777825,0.835275490585,33.4110196234
1.3501662038,24.8079777825,0.836900540178,33.4760216071
1.3501662038,24.8079777825,0.839025605029,33.5610242012
1.35004119999,24.8019775994,0.840775658437,33.6310263375
1.34979119236,24.7899772332,0.842400708029,33.6960283212
1.34991619617,24.7959774163,0.844400769066,33.7760307627
1.34954118473,24.777976867,0.846650837733,33.8660335093
1.34966618854,24.7839770501,0.853401043733,34.1360417493
1.34941618091,24.7719766839,0.874901699881,34.9960679952
1.34954118473,24.777976867,0.900652485733,36.0260994293
1.34954118473,24.777976867,0.931153416547,37.2461366619
1.35041621143,24.8199781487,0.952404065065,38.0961626026
1.35279128391,24.9339816279,0.976029786065,39.0411914426
1.35479134495,25.0299845576,0.988655171361,39.5462068545
1.35816644795,25.1919895016,1.0007805414,40.0312216559
1.36091653188,25.3239935301,1.00728073977,40.2912295907
1.36441663869,25.4919986572,1.01165587329,40.4662349315
1.36754173406,25.642003235,1.01303091525,40.52123661
1.37079183325,25.7980079958,1.01365593432,40.546237373
1.3737919248,25.9420123905,1.01365593432,40.546237373
1.37691702017,26.0920169683,1.01128086184,40.4512344737
1.3796671041,26.2240209967,1.00865578173,40.3462312693
1.38316721091,26.3920261238,1.00478066347,40.1912265389
1.38591729484,26.5240301523,1.00190557573,40.0762230293
1.38941740165,26.6920352794,0.998530472732,39.9412189093
1.39204248177,26.8180391247,0.995905392621,39.8362157048
1.39579259621,26.9980446181,0.992530289621,39.7012115848
1.39804266488,27.1060479141,0.989530198065,39.5812079226
1.40104275643,27.2500523087,0.987280129398,39.4912051759
1.40391784417,27.3880565203,0.984280037843,39.3712015137
1.40704293954,27.5380610981,0.981529953917,39.2611981567
1.40991802728,27.6760653096,0.977904843287,39.1161937315
1.41216809595,27.7840686056,0.975529770806,39.0211908322
1.41504318369,27.9220728172,0.973779717399,38.9511886959
1.41654322947,27.9940750145,0.971904660176,38.8761864071
1.41991833247,28.1560799585,0.969779595325,38.791183813
1.42166838588,28.240082522,0.968279549547,38.7311819819
1.42491848506,28.3960872829,0.966404492325,38.656179693
1.42679354228,28.4860900296,0.965029450362,38.6011780145
1.42941862239,28.6120938749,0.963029389325,38.521175573
1.43129367962,28.7020966216,0.961904354991,38.4761741997
1.43341874447,28.8040997345,0.960404309214,38.4161723685
1.43516879788,28.888102298,0.958654255806,38.3461702322
1.43779387799,29.0141061434,0.957904232917,38.3161693167
1.43904391614,29.0741079745,0.95640418714,38.2561674856
1.44154399243,29.1941116367,0.955654164251,38.22616657
1.44304403821,29.266113834,0.954904141362,38.1961656545
1.44491909543,29.3561165807,0.953904110843,38.1561644337
1.44691915647,29.4521195105,0.95277907651,38.1111630604
1.44854420606,29.5301218909,0.952029053621,38.0811621448
1.45041926328,29.6201246376,0.950904019288,38.0361607715
1.45216931669,29.7041272011,0.950404004028,38.0161601611
1.45354435865,29.7701292154,0.94915396588,37.9661586352
1.45516940825,29.8481315958,0.948653950621,37.9461580248
1.45716946928,29.9441345256,0.948278939177,37.9311575671
1.45791949217,29.9801356243,0.947778923917,37.9111569567
1.45941953795,30.0521378216,0.947278908658,37.8911563463
1.46054457228,30.1061394696,0.946778893399,37.871155736
1.46229462569,30.1901420331,0.946653889584,37.8661555834
1.46304464858,30.2261431318,0.94627887814,37.8511551256
1.46441969054,30.292145146,0.94627887814,37.8511551256
1.46591973632,30.3641473434,0.945903866695,37.8361546678
1.4674197821,30.4361495407,0.94577886288,37.8311545152
1.46879482406,30.5021515549,0.94577886288,37.8311545152
1.46966985076,30.5441528367,0.945528855251,37.82115421
1.4707948851,30.5981544847,0.94577886288,37.8311545152
1.47241993469,30.6761568651,0.945278847621,37.8111539048
1.47316995758,30.7121579638,0.945403851436,37.8161540574
1.47454499954,30.778159978,0.945653859066,37.8261543626
1.47517001862,30.8081608936,0.945153843806,37.8061537523
1.47629505295,30.8621625416,0.945403851436,37.8161540574
1.47742008728,30.9161641896,0.945278847621,37.8111539048
1.47792010254,30.940164922,0.93927866451,37.5711465804
1.47929514451,31.0061669362,0.827775261696,33.1110104678
1.47954515213,31.0181673025,0.74452272103,29.7809088412
1.47954515213,31.0181673025,0.677270668661,27.0908267464
1.47929514451,31.0061669362,0.645519699698,25.8207879879
1.47942014832,31.0121671194,0.61701882992,24.6807531968
1.47867012543,30.9761660207,0.607518539995,24.3007415998
1.4775450911,30.9221643727,0.600893337809,24.0357335124
1.47642005676,30.8681627247,0.598393261513,23.9357304605
1.4750450148,30.8021607105,0.597893246254,23.9157298502
1.47354496902,30.7301585131,0.597893246254,23.9157298502
1.47141990417,30.6281554003,0.600268318735,24.0107327494
1.46979485458,30.5501530198,0.60401843318,24.1607373272
1.46804480117,30.4661504563,0.60714352855,24.285741142
1.46616974395,30.3761477096,0.611018646809,24.4407458724
1.46429468673,30.2861449629,0.614893765069,24.5957506027
1.46254463332,30.2021423994,0.619393902402,24.7757560961
1.46079457991,30.1181398358,0.622393993957,24.8957597583
1.45854451125,30.0101365398,0.627269142735,25.0907657094
1.4572944731,29.9501347087,0.631269264809,25.2507705924
1.45516940825,29.8481315958,0.635394390698,25.4157756279
1.45304434339,29.7461284829,0.639144505142,25.5657802057
1.45166930143,29.6801264687,0.643519638661,25.7407855464
1.45004425184,29.6021240883,0.646519730216,25.8607892087
1.44791918699,29.5001209754,0.651144871364,26.0457948546
1.44616913358,29.4161184118,0.653644947661,26.1457979064
1.44404406873,29.3141152989,0.658520096438,26.3408038575
1.44254402295,29.2421131016,0.661520187994,26.4608075198
1.44054396191,29.1461101718,0.665770317698,26.6308127079
1.43966893521,29.10410889,0.668395397809,26.7358159124
1.43779387799,29.0141061434,0.671770500809,26.8708200323
1.43629383221,28.942103946,0.675020599994,27.0008239998
1.43429377117,28.8461010163,0.678520706809,27.1408282723
1.43279372539,28.7740988189,0.681395794549,27.255831782
1.43129367962,28.7020966216,0.683895870846,27.3558348338
1.42966863002,28.6240942412,0.68764598529,27.5058394116
1.42854359569,28.5700925932,0.690021057772,27.6008423109
1.4269185461,28.4920902127,0.693521164586,27.7408465835
1.42591851558,28.4440887478,0.696146244697,27.8458497879
1.42416846217,28.3600861843,0.699646351512,27.9858540605
1.42279342021,28.29408417,0.701896420179,28.0758568072
1.42179338969,28.2460827052,0.70452150029,28.1808600116
1.42054335154,28.1860808741,0.706771568957,28.2708627583
1.41904330576,28.1140786767,0.710146671957,28.4058668783
1.4176682638,28.0480766625,0.712396740623,28.4958696249
1.4167932371,28.0060753807,0.715021820734,28.6008728294
1.41566820276,27.9520737327,0.717271889401,28.690875576
1.41491817988,27.9160726341,0.720771996216,28.8308798486
1.41366814173,27.8560708029,0.723272072512,28.9308829005
1.41254310739,27.8020691549,0.727272194586,29.0908877834
1.41154307688,27.7540676901,0.731772331919,29.2708932768
1.4100430311,27.6820654927,0.73489742729,29.3958970916
1.40941801202,27.6520645772,0.736772484512,29.4708993805
1.40829297769,27.5980629292,0.737522507401,29.500900296
1.4075429548,27.5620618305,0.738772545549,29.550901822
1.40629291665,27.5020599994,0.739147556993,29.5659022797
1.40541788995,27.4600587176,0.740647602771,29.6259041108
1.40454286325,27.4180574358,0.74164763329,29.6659053316
1.40391784417,27.3880565203,0.743397686697,29.7359074679
1.40316782128,27.3520554216,0.744647724845,29.7859089938
1.40241779839,27.3160543229,0.746522782067,29.8609112827
1.40154277169,27.2740530412,0.747772820215,29.9109128086
1.40016772973,27.2080510269,0.749147862178,29.9659144871
1.39954271065,27.1780501114,0.750647907956,30.0259163182
1.39829267251,27.1180482803,0.752022949919,30.0809179968
1.39804266488,27.1060479141,0.753397991882,30.1359196753
1.39729264199,27.0700468154,0.75489803766,30.1959215064
1.39691763054,27.0520462661,0.755773064364,30.2309225745
1.39579259621,26.9980446181,0.757398113956,30.2959245582
1.39504257332,26.9620435194,0.758523148289,30.3409259316
1.39391753899,26.9080418714,0.760148197882,30.4059279153
1.3931675161,26.8720407727,0.761023224586,30.4409289834
1.39291750847,26.8600404065,0.762523270363,30.5009308145
1.39204248177,26.8180391247,0.764273323771,30.5709329508
1.39154246651,26.7940383923,0.765148350475,30.605934019
1.39091744743,26.7640374767,0.766273384808,30.6509353923
1.3906674398,26.7520371105,0.767648426771,30.7059370708
1.39004242073,26.722036195,0.768648457289,30.7459382916
1.38929239784,26.6860350963,0.769898495437,30.7959398175
1.38816736351,26.6320334483,0.770898525956,30.8359410382
1.3872923368,26.5900321665,0.771648548845,30.8659419538
1.38691732536,26.5720316172,0.772898586993,30.9159434797
1.38654231391,26.5540310678,0.773523606067,30.9409442427
1.38604229865,26.5300303354,0.7746486404,30.985945616
1.38541727958,26.5000294198,0.775773674734,31.0309469893
1.38529227577,26.4940292367,0.777273720511,31.0909488205
1.38479226051,26.4700285043,0.778398754845,31.1359501938
1.38366722617,26.4160268563,0.779273781549,31.1709512619
1.38329221473,26.398026307,0.780648823511,31.2259529405
1.38291720328,26.3800257576,0.781773857845,31.2709543138
1.38204217658,26.3380244758,0.782898892178,31.3159556871
1.38166716514,26.3200239265,0.783523911252,31.3409564501
1.38104214606,26.290023011,0.784273934141,31.3709573656
1.38091714225,26.2840228278,0.785523972289,31.4209588916
1.38004211554,26.2420215461,0.785898983734,31.4359593493
1.37979210791,26.2300211798,0.786524002808,31.4609601123
1.37954210028,26.2180208136,0.787774040956,31.5109616382
1.37904208502,26.1940200812,0.7881490524,31.525962096
1.37866707358,26.1760195318,0.788899075289,31.5559630116
1.37829206214,26.1580189825,0.790024109622,31.6009643849
1.37729203162,26.1100175176,0.791024140141,31.6409656056
1.37704202399,26.0980171514,0.791649159215,31.6659663686
1.3762920011,26.0620160527,0.791899166845,31.6759666738
1.37604199347,26.0500156865,0.792649189734,31.7059675893
1.37516696677,26.0080144047,0.793149204993,31.7259681997
1.37529197058,26.0140145878,0.793899227882,31.7559691153
1.37466695151,25.9840136723,0.794399243141,31.7759697256
1.37454194769,25.9780134892,0.794774254585,31.7909701834
1.3737919248,25.9420123905,0.795774285104,31.8309714042
1.3737919248,25.9420123905,0.796149296548,31.8459718619
1.37329190954,25.9180116581,0.796899319437,31.8759727775
1.37316690573,25.912011475,0.797399334696,31.8959733879
1.37266689047,25.8880107425,0.798399365215,31.9359746086
1.37229187902,25.8700101932,0.799024384289,31.9609753716
1.37179186377,25.8460094607,0.799274391919,31.9709756767
1.37154185614,25.8340090945,0.799899410993,31.9959764397
1.37116684469,25.8160085452,0.800274422437,32.0109768975
1.37054182562,25.7860076296,0.800899441511,32.0359776605
1.37016681417,25.7680070803,0.801524460585,32.0609784234
1.36966679891,25.7440063478,0.802024475845,32.0809790338
1.3695417951,25.7380061647,0.802899502548,32.1159801019
1.36929178747,25.7260057985,0.803274513993,32.1309805597
1.36891677602,25.7080052492,0.804024536882,32.1609814753
1.36841676077,25.6840045167,0.804274544511,32.1709817804
1.36791674551,25.6600037843,0.805149571215,32.2059828486
1.36791674551,25.6600037843,0.805649586474,32.225983459
1.36754173406,25.642003235,0.806399609363,32.2559843745
1.36729172643,25.6300028687,0.807024628437,32.2809851375
1.36741673025,25.6360030519,0.807524643696,32.3009857479
1.36679171117,25.6060021363,0.807774651326,32.310986053
1.36666670736,25.6000019532,0.808024658956,32.3209863582
1.36641669973,25.588001587,0.808024658956,32.3209863582
1.36629169591,25.5820014039,0.80864967803,32.3459871212
1.36579168065,25.5580006714,0.808774681845,32.3509872738
1.3652916654,25.533999939,0.809649708548,32.3859883419
1.36504165777,25.5219995727,0.810274727622,32.4109891049
1.36441663869,25.4919986572,0.810524735252,32.4209894101
1.36404162725,25.4739981079,0.811024750511,32.4409900204
1.36341660817,25.4439971923,0.81152476577,32.4609906308
1.36354161199,25.4499973754,0.812399792474,32.495991699
1.36316660054,25.4319968261,0.812649800104,32.5059920042
1.36291659291,25.4199964599,0.813774834437,32.5509933775
1.3627915891,25.4139962767,0.813649830622,32.5459932249
1.36241657765,25.3959957274,0.814274849696,32.5709939879
1.36241657765,25.3959957274,0.814274849696,32.5709939879
1.36216657002,25.3839953612,0.815024872585,32.6009949034
1.36179155858,25.3659948119,0.8151498764,32.605995056
1.3619165624,25.371994995,0.81539988403,32.6159953612
1.3619165624,25.371994995,0.815899899289,32.6359959716
1.36141654714,25.3479942625,0.816149906919,32.6459962767
1.36104153569,25.3299937132,0.816649922178,32.6659968871
1.36104153569,25.3299937132,0.817024933622,32.6809973449
1.36116653951,25.3359938963,0.818024964141,32.7209985656
1.36054152043,25.3059929807,0.818149967956,32.7259987182
1.36041651662,25.2999927976,0.818649983215,32.7459993286
1.36004150517,25.2819922483,0.81877498703,32.7509994812
1.36004150517,25.2819922483,0.819275002289,32.7710000916
1.35929148228,25.2459911496,0.819149998474,32.765999939
1.35929148228,25.2459911496,0.819775017548,32.7910007019
1.35916647847,25.2399909665,0.819775017548,32.7910007019
1.3585414594,25.209990051,0.819775017548,32.7910007019
1.35841645558,25.2039898679,0.820525040437,32.8210016175
1.35829145177,25.1979896847,0.820400036622,32.8160014649
1.35766643269,25.1679887692,0.820650044252,32.8260017701
1.35766643269,25.1679887692,0.821025055696,32.8410022279
1.35716641743,25.1439880367,0.821150059511,32.8460023804
1.35716641743,25.1439880367,0.821775078585,32.8710031434
1.35704141362,25.1379878536,0.821775078585,32.8710031434
1.35704141362,25.1379878536,0.82165007477,32.8660029908
1.35654139836,25.1139871212,0.821775078585,32.8710031434
1.35666640217,25.1199873043,0.822900112918,32.9160045167
1.35641639454,25.1079869381,0.823650135807,32.9460054323
1.3560413831,25.0899863887,0.824275154881,32.9710061953
1.35591637928,25.0839862056,0.824900173956,32.9960069582
1.3560413831,25.0899863887,0.825400189215,33.0160075686
1.35579137547,25.0779860225,0.825650196844,33.0260078738
1.35554136784,25.0659856563,0.826400219733,33.0560087893
1.35554136784,25.0659856563,0.826900234993,33.0760093997
1.35541636402,25.0599854732,0.827775261696,33.1110104678
1.35504135258,25.0419849239,0.828025269326,33.121010773
1.35504135258,25.0419849239,0.82890029603,33.1560118412
1.35479134495,25.0299845576,0.829025299844,33.1610119938
1.35441633351,25.0119840083,0.829275307474,33.171012299
1.35454133732,25.0179841914,0.829650318918,33.1860127567
1.35404132206,24.993983459,0.830150334178,33.2060133671
1.35429132969,25.0059838252,0.830400341807,33.2160136723
1.35404132206,24.993983459,0.830525345622,33.2210138249
1.35379131443,24.9819830927,0.830275337992,33.2110135197
1.35341630299,24.9639825434,0.830775353252,33.2310141301
1.3535413068,24.9699827265,0.831025360881,33.2410144353
1.35279128391,24.9339816279,0.831275368511,33.2510147404
1.3526662801,24.9279814447,0.831525376141,33.2610150456
1.35229126865,24.9099808954,0.83177538377,33.2710153508
1.35229126865,24.9099808954,0.8320253914,33.281015656
1.35204126102,24.8979805292,0.83227539903,33.2910159612
1.3517912534,24.885980163,0.83227539903,33.2910159612
1.35141624195,24.8679796136,0.832650410474,33.306016419
1.35141624195,24.8679796136,0.833275429548,33.3310171819
1.35141624195,24.8679796136,0.834525467696,33.3810187078
1.35104123051,24.8499790643,0.835775505844,33.4310202338
1.35079122288,24.8379786981,0.836525528733,33.4610211493
1.35091622669,24.8439788812,0.836525528733,33.4610211493
1.35079122288,24.8379786981,0.836400524918,33.4560209967
1.35054121525,24.8259783319,0.836275521104,33.4510208441
1.35066621906,24.831978515,0.836400524918,33.4560209967
1.35041621143,24.8199781487,0.836525528733,33.4610211493
1.35004119999,24.8019775994,0.836275521104,33.4510208441
1.35004119999,24.8019775994,0.836275521104,33.4510208441
1.35004119999,24.8019775994,0.836400524918,33.4560209967
1.34991619617,24.7959774163,0.836275521104,33.4510208441
1.34979119236,24.7899772332,0.836400524918,33.4560209967
1.34991619617,24.7959774163,0.836650532548,33.4660213019
1.34941618091,24.7719766839,0.836525528733,33.4610211493
1.34954118473,24.777976867,0.836900540178,33.4760216071
1.34941618091,24.7719766839,0.837025543992,33.4810217597
1.3492911771,24.7659765007,0.837025543992,33.4810217597
1.34941618091,24.7719766839,0.837400555437,33.4960222175
1.34916617328,24.7599763176,0.837400555437,33.4960222175
1.34879116184,24.7419757683,0.837525559252,33.5010223701
1.34904116947,24.7539761345,0.838150578326,33.526023133
1.34904116947,24.7539761345,0.838150578326,33.526023133
1.34866615802,24.7359755852,0.838275582141,33.5310232856
1.34866615802,24.7359755852,0.838900601215,33.5560240486
1.34866615802,24.7359755852,0.839275612659,33.5710245064
1.34829114658,24.7179750359,0.839400616474,33.576024659
1.34804113895,24.7059746696,0.840025635548,33.6010254219
1.34816614277,24.7119748527,0.840650654622,33.6260261849
1.34804113895,24.7059746696,0.840275643178,33.6110257271
1.34779113132,24.6939743034,0.840400646992,33.6160258797
1.34766612751,24.6879741203,0.841150669881,33.6460267953
1.34766612751,24.6879741203,0.841525681326,33.661027253
1.34741611988,24.6759737541,0.841525681326,33.661027253
1.34704110843,24.6579732047,0.84190069277,33.6760277108
1.34691610462,24.6519730216,0.8421507004,33.686028016
1.34704110843,24.6579732047,0.842525711844,33.7010284738
1.3467911008,24.6459728385,0.842900723289,33.7160289315
1.34654109317,24.6339724723,0.843025727103,33.7210290841
1.34629108554,24.6219721061,0.843150730918,33.7260292367
1.34604107791,24.6099717399,0.843900753807,33.7560301523
1.34616608173,24.615971923,0.844525772881,33.7810309153
1.34604107791,24.6099717399,0.844650776696,33.7860310678
1.34566606647,24.5919711905,0.844900784326,33.796031373
1.34554106265,24.5859710074,0.845775811029,33.8310324412
1.34554106265,24.5859710074,0.846525833918,33.8610333567
1.34541605884,24.5799708243,0.846650837733,33.8660335093
1.3450410474,24.561970275,0.847150852992,33.8860341197
1.34491604358,24.5559700919,0.847775872066,33.9110348827
1.3450410474,24.561970275,0.847650868252,33.9060347301
1.34466603595,24.5439697256,0.847775872066,33.9110348827
1.34479103977,24.5499699087,0.848150883511,33.9260353404
1.34466603595,24.5439697256,0.84865089877,33.9460359508
1.34454103214,24.5379695425,0.848775902585,33.9510361034
1.34441602832,24.5319693594,0.8489009064,33.956036256
1.34429102451,24.5259691763,0.850025940733,34.0010376293
1.34441602832,24.5319693594,0.850150944548,34.0060377819
1.34416602069,24.5199689932,0.850150944548,34.0060377819
1.34404101688,24.5139688101,0.850900967437,34.0360386975
1.34391601306,24.507968627,0.85177599414,34.0710397656
1.34404101688,24.5139688101,0.852901028474,34.116041139
1.34366600543,24.4959682608,0.853151036103,34.1260414441
1.34366600543,24.4959682608,0.854151066622,34.1660426649
1.34379100925,24.5019684439,0.854526078066,34.1810431227
1.34354100162,24.4899680776,0.855526108585,34.2210443434
1.34354100162,24.4899680776,0.856026123844,34.2410449538
1.3434159978,24.4839678945,0.855901120029,34.2360448012
1.34316599017,24.4719675283,0.856901150548,34.2760460219
1.34329099399,24.4779677114,0.861026276437,34.4410510575
1.34329099399,24.4779677114,0.867151463363,34.6860585345
1.34304098636,24.4659673452,0.87540171514,35.0160686056
1.34304098636,24.4659673452,0.877401776177,35.0960710471
1.34316599017,24.4719675283,0.877901791437,35.1160716575
1.34329099399,24.4779677114,0.877651783807,35.1060713523
1.34304098636,24.4659673452,0.877401776177,35.0960710471
1.34279097873,24.453966979,0.877276772362,35.0910708945
1.34291598254,24.4599671621,0.875151707511,35.0060683004
1.34316599017,24.4719675283,0.871776604511,34.8710641804
1.34304098636,24.4659673452,0.869901547288,34.7960618915
1.34291598254,24.4599671621,0.868151493881,34.7260597552
1.34304098636,24.4659673452,0.866401440474,34.6560576189
1.34279097873,24.453966979,0.865401409955,34.6160563982
1.34291598254,24.4599671621,0.864401379437,34.5760551775
1.34266597491,24.4479667959,0.864026367992,34.5610547197
1.34241596728,24.4359664296,0.863776360363,34.5510544145
1.34241596728,24.4359664296,0.863651356548,34.5460542619
1.34241596728,24.4359664296,0.863401348918,34.5360539567
1.34216595965,24.4239660634,0.863151341288,34.5260536515
1.34216595965,24.4239660634,0.863151341288,34.5260536515
1.34216595965,24.4239660634,0.863026337474,34.5210534989
1.34191595202,24.4119656972,0.863026337474,34.5210534989
1.34191595202,24.4119656972,0.863276345103,34.5310538041
1.34179094821,24.4059655141,0.863651356548,34.5460542619
1.34154094058,24.3939651479,0.864151371807,34.5660548723
1.34191595202,24.4119656972,0.864276375622,34.5710550249
1.3416659444,24.399965331,0.864276375622,34.5710550249
1.34154094058,24.3939651479,0.864651387066,34.5860554827
1.3416659444,24.399965331,0.865026398511,34.6010559404
1.34141593677,24.3879649648,0.865026398511,34.6010559404
1.34116592914,24.3759645985,0.865401409955,34.6160563982
1.34141593677,24.3879649648,0.866276436659,34.6510574664
1.34129093295,24.3819647816,0.866401440474,34.6560576189
1.34104092532,24.3699644154,0.866776451918,34.6710580767
1.34066591388,24.3519638661,0.867151463363,34.6860585345
1.34079091769,24.3579640492,0.867901486251,34.7160594501
1.34041590625,24.3399634999,0.868276497696,34.7310599078
1.34041590625,24.3399634999,0.8691515244,34.766060976
1.34054091006,24.345963683,0.869526535844,34.7810614338
1.34029090243,24.3339633168,0.869526535844,34.7810614338
1.3400408948,24.3219629505,0.869651539659,34.7860615864
1.33991589099,24.3159627674,0.869901547288,34.7960618915
1.3400408948,24.3219629505,0.870401562548,34.8160625019
1.33954087954,24.2979622181,0.870401562548,34.8160625019
1.33966588336,24.3039624012,0.870776573992,34.8310629597
1.33966588336,24.3039624012,0.870651570177,34.8260628071
1.33941587573,24.291962035,0.870276558733,34.8110623493
1.3391658681,24.2799616688,0.870401562548,34.8160625019
1.33941587573,24.291962035,0.870276558733,34.8110623493
1.33929087191,24.2859618519,0.869651539659,34.7860615864
1.33904086428,24.2739614856,0.869651539659,34.7860615864
1.3391658681,24.2799616688,0.869901547288,34.7960618915
1.33904086428,24.2739614856,0.869776543474,34.7910617389
1.33891586047,24.2679613025,0.869401532029,34.7760612812
1.33879085665,24.2619611194,0.869401532029,34.7760612812
1.33904086428,24.2739614856,0.869526535844,34.7810614338
1.33866585284,24.2559609363,0.869026520585,34.7610608234
1.33866585284,24.2559609363,0.869026520585,34.7610608234
1.33879085665,24.2619611194,0.869026520585,34.7610608234
1.33841584521,24.2439605701,0.86890151677,34.7560606708
1.33854084902,24.2499607532,0.869026520585,34.7610608234
1.33854084902,24.2499607532,0.86890151677,34.7560606708
1.33866585284,24.2559609363,0.86890151677,34.7560606708
1.33816583758,24.2319602039,0.869026520585,34.7610608234
1.33841584521,24.2439605701,0.86890151677,34.7560606708
1.33816583758,24.2319602039,0.869026520585,34.7610608234
1.33841584521,24.2439605701,0.869026520585,34.7610608234
1.33841584521,24.2439605701,0.869276528214,34.7710611286
1.3382908414,24.237960387,0.869026520585,34.7610608234
1.3382908414,24.237960387,0.869276528214,34.7710611286
1.33804083377,24.2259600208,0.869026520585,34.7610608234
1.3382908414,24.237960387,0.869276528214,34.7710611286
1.33804083377,24.2259600208,0.869276528214,34.7710611286
1.3382908414,24.237960387,0.869276528214,34.7710611286
1.33779082614,24.2139596545,0.869776543474,34.7910617389
1.33804083377,24.2259600208,0.870026551103,34.8010620441
1.33791582995,24.2199598376,0.869901547288,34.7960618915
1.33804083377,24.2259600208,0.870151554918,34.8060621967
1.33766582232,24.2079594714,0.870151554918,34.8060621967
1.33779082614,24.2139596545,0.870651570177,34.8260628071
1.33766582232,24.2079594714,0.870776573992,34.8310629597
1.33791582995,24.2199598376,0.870651570177,34.8260628071
1.33766582232,24.2079594714,0.870901577807,34.8360631123
1.33779082614,24.2139596545,0.870651570177,34.8260628071
1.33779082614,24.2139596545,0.870901577807,34.8360631123
1.33741581469,24.1959591052,0.870526566362,34.8210626545
1.33766582232,24.2079594714,0.870651570177,34.8260628071
1.33754081851,24.2019592883,0.870526566362,34.8210626545
1.33766582232,24.2079594714,0.870901577807,34.8360631123
1.33754081851,24.2019592883,0.870651570177,34.8260628071
1.33754081851,24.2019592883,0.871026581622,34.8410632649
1.33754081851,24.2019592883,0.871151585437,34.8460634175
1.33741581469,24.1959591052,0.871401593066,34.8560637226
1.33729081088,24.1899589221,0.871401593066,34.8560637226
1.33754081851,24.2019592883,0.871776604511,34.8710641804
1.33741581469,24.1959591052,0.87227661977,34.8910647908
1.33729081088,24.1899589221,0.873276650288,34.9310660115
1.33741581469,24.1959591052,0.873526657918,34.9410663167
1.33716580706,24.183958739,0.873776665548,34.9510666219
1.33729081088,24.1899589221,0.873776665548,34.9510666219
1.33729081088,24.1899589221,0.874151676992,34.9660670797
1.33729081088,24.1899589221,0.874901699881,34.9960679952
1.33704080325,24.1779585559,0.874776696066,34.9910678426
1.33679079562,24.1659581896,0.875276711325,35.011068453
1.33704080325,24.1779585559,0.87540171514,35.0160686056
1.33691579943,24.1719583728,0.875526718955,35.0210687582
1.33704080325,24.1779585559,0.875526718955,35.0210687582
1.33679079562,24.1659581896,0.876026734214,35.0410693686
1.33716580706,24.183958739,0.876276741844,35.0510696738
1.3366657918,24.1599580065,0.876026734214,35.0410693686
1.33679079562,24.1659581896,0.876526749474,35.0610699789
1.33679079562,24.1659581896,0.876526749474,35.0610699789
1.33679079562,24.1659581896,0.876901760918,35.0760704367
1.33679079562,24.1659581896,0.877276772362,35.0910708945
1.3366657918,24.1599580065,0.877901791437,35.1160716575
1.3366657918,24.1599580065,0.877901791437,35.1160716575
1.33641578417,24.1479576403,0.878401806696,35.1360722678
1.3366657918,24.1599580065,0.878026795251,35.1210718101
1.33641578417,24.1479576403,0.878276802881,35.1310721152
1.33641578417,24.1479576403,0.878151799066,35.1260719626
1.3366657918,24.1599580065,0.878151799066,35.1260719626
1.33654078799,24.1539578234,0.878526810511,35.1410724204
1.33641578417,24.1479576403,0.878276802881,35.1310721152
1.33616577654,24.1359572741,0.87877681814,35.1510727256
1.33641578417,24.1479576403,0.87902682577,35.1610730308
1.33629078036,24.1419574572,0.878901821955,35.1560728782
1.33604077273,24.129957091,0.878901821955,35.1560728782
1.33616577654,24.1359572741,0.87902682577,35.1610730308
1.33616577654,24.1359572741,0.879151829585,35.1660731834
1.33604077273,24.129957091,0.879401837214,35.1760734886
1.33604077273,24.129957091,0.879151829585,35.1660731834
1.3357907651,24.1179567248,0.879276833399,35.171073336
1.33604077273,24.129957091,0.879151829585,35.1660731834
1.33591576891,24.1239569079,0.879276833399,35.171073336
1.33566576128,24.1119565416,0.879401837214,35.1760734886
1.33554075747,24.1059563585,0.880026856288,35.2010742515
1.33566576128,24.1119565416,0.880151860103,35.2060744041
1.33566576128,24.1119565416,0.880276863918,35.2110745567
1.33591576891,24.1239569079,0.880651875362,35.2260750145
1.33541575365,24.0999561754,0.880776879177,35.2310751671
1.33554075747,24.1059563585,0.881026886807,35.2410754723
1.33541575365,24.0999561754,0.881151890622,35.2460756249
1.33554075747,24.1059563585,0.881151890622,35.2460756249
1.33529074984,24.0939559923,0.881901913511,35.2760765404
1.33529074984,24.0939559923,0.881776909696,35.2710763878
1.33541575365,24.0999561754,0.881901913511,35.2760765404
1.33516574602,24.0879558092,0.882276924955,35.2910769982
1.33541575365,24.0999561754,0.88240192877,35.2960771508
1.33504074221,24.0819556261,0.882526932585,35.3010773034
1.33504074221,24.0819556261,0.882901944029,35.3160777612
1.33516574602,24.0879558092,0.882776940214,35.3110776086
1.3349157384,24.075955443,0.883151951659,35.3260780663
1.3349157384,24.075955443,0.883026947844,35.3210779138
1.33504074221,24.0819556261,0.883401959288,35.3360783715
1.33466573077,24.0639550768,0.883776970733,35.3510788293
1.33479073458,24.0699552599,0.883901974548,35.3560789819
1.33466573077,24.0639550768,0.884276985992,35.3710794397
1.33479073458,24.0699552599,0.884026978362,35.3610791345
1.33441572314,24.0519547105,0.884401989807,35.3760795923
1.33454072695,24.0579548936,0.884276985992,35.3710794397
1.33466573077,24.0639550768,0.884651997436,35.3860798975
1.33441572314,24.0519547105,0.884651997436,35.3860798975
1.33466573077,24.0639550768,0.884651997436,35.3860798975
1.33429071932,24.0459545274,0.885152012696,35.4060805078
1.33429071932,24.0459545274,0.885277016511,35.4110806604
1.33441572314,24.0519547105,0.885027008881,35.4010803552
1.33416571551,24.0399543443,0.885652027955,35.4260811182
1.33441572314,24.0519547105,0.885402020325,35.416080813
1.33429071932,24.0459545274,0.88552702414,35.4210809656
1.33416571551,24.0399543443,0.88577703177,35.4310812708
1.33429071932,24.0459545274,0.886277047029,35.4510818812
1.33404071169,24.0339541612,0.886402050844,35.4560820338
1.33429071932,24.0459545274,0.886527054659,35.4610821863
1.33391570788,24.0279539781,0.886902066103,35.4760826441
1.33391570788,24.0279539781,0.887027069918,35.4810827967
1.33404071169,24.0339541612,0.887277077548,35.4910831019
1.33379070406,24.021953795,0.887402081362,35.4960832545
1.33404071169,24.0339541612,0.887652088992,35.5060835597
1.33379070406,24.021953795,0.887777092807,35.5110837123
1.33379070406,24.021953795,0.887527085177,35.5010834071
1.33354069643,24.0099534288,0.887777092807,35.5110837123
1.33391570788,24.0279539781,0.887652088992,35.5060835597
1.33366570025,24.0159536119,0.887652088992,35.5060835597
1.33379070406,24.021953795,0.887527085177,35.5010834071
1.33366570025,24.0159536119,0.887777092807,35.5110837123
1.33341569262,24.0039532456,0.887652088992,35.5060835597
1.33366570025,24.0159536119,0.887652088992,35.5060835597
1.33366570025,24.0159536119,0.887777092807,35.5110837123
1.33366570025,24.0159536119,0.887527085177,35.5010834071
1.33341569262,24.0039532456,0.887777092807,35.5110837123
1.33354069643,24.0099534288,0.887527085177,35.5010834071
1.33316568499,23.9919528794,0.887777092807,35.5110837123
1.33341569262,24.0039532456,0.887527085177,35.5010834071
1.3332906888,23.9979530625,0.887777092807,35.5110837123
1.33341569262,24.0039532456,0.887652088992,35.5060835597
1.3332906888,23.9979530625,0.887527085177,35.5010834071
1.3332906888,23.9979530625,0.887902096622,35.5160838649
1.33304068117,23.9859526963,0.888152104251,35.52608417
1.3332906888,23.9979530625,0.888027100436,35.5210840175
1.33304068117,23.9859526963,0.888152104251,35.52608417
1.3332906888,23.9979530625,0.888527115696,35.5410846278
1.33316568499,23.9919528794,0.888527115696,35.5410846278
1.33304068117,23.9859526963,0.889027130955,35.5610852382
1.3332906888,23.9979530625,0.889027130955,35.5610852382
1.33304068117,23.9859526963,0.889277138585,35.5710855434
1.33291567736,23.9799525132,0.889527146214,35.5810858486
1.33304068117,23.9859526963,0.889652150029,35.5860860012
1.33279067354,23.9739523301,0.890027161473,35.6010864589
1.33304068117,23.9859526963,0.890152165288,35.6060866115
1.33279067354,23.9739523301,0.890652180548,35.6260872219
1.33304068117,23.9859526963,0.890777184362,35.6310873745
1.33279067354,23.9739523301,0.890527176733,35.6210870693
1.33291567736,23.9799525132,0.891027191992,35.6410876797
1.33266566973,23.967952147,0.891027191992,35.6410876797
1.33279067354,23.9739523301,0.891402203436,35.6560881375
1.33291567736,23.9799525132,0.891402203436,35.6560881375
1.3324156621,23.9559517808,0.891527207251,35.66108829
1.33266566973,23.967952147,0.891527207251,35.66108829
1.33254066591,23.9619519639,0.891527207251,35.66108829
1.33229065828,23.9499515976,0.891777214881,35.6710885952
1.3324156621,23.9559517808,0.891527207251,35.66108829
1.33229065828,23.9499515976,0.891652211066,35.6660884426
1.33254066591,23.9619519639,0.891777214881,35.6710885952
1.3324156621,23.9559517808,0.891527207251,35.66108829
1.33229065828,23.9499515976,0.891652211066,35.6660884426
1.33254066591,23.9619519639,0.891777214881,35.6710885952
1.33216565447,23.9439514145,0.891777214881,35.6710885952
1.33204065065,23.9379512314,0.89202722251,35.6810889004
1.33229065828,23.9499515976,0.891902218696,35.6760887478
1.33229065828,23.9499515976,0.891777214881,35.6710885952
1.33216565447,23.9439514145,0.891652211066,35.6660884426
1.33191564684,23.9319510483,0.891902218696,35.6760887478
1.33229065828,23.9499515976,0.892152226325,35.686089053
1.33229065828,23.9499515976,0.892152226325,35.686089053
1.33216565447,23.9439514145,0.89227723014,35.6910892056
1.33204065065,23.9379512314,0.892777245399,35.711089816
1.33204065065,23.9379512314,0.892902249214,35.7160899686
1.33179064302,23.9259508652,0.892902249214,35.7160899686
1.33204065065,23.9379512314,0.893152256844,35.7260902738
1.33204065065,23.9379512314,0.893027253029,35.7210901212
1.33179064302,23.9259508652,0.893027253029,35.7210901212
1.33179064302,23.9259508652,0.893027253029,35.7210901212
1.33204065065,23.9379512314,0.892902249214,35.7160899686
1.33179064302,23.9259508652,0.892652241585,35.7060896634
1.33204065065,23.9379512314,0.892777245399,35.711089816
1.33204065065,23.9379512314,0.892402233955,35.6960893582
1.33179064302,23.9259508652,0.892402233955,35.6960893582
1.33204065065,23.9379512314,0.89202722251,35.6810889004
1.33179064302,23.9259508652,0.892152226325,35.686089053
1.33204065065,23.9379512314,0.891902218696,35.6760887478
1.33191564684,23.9319510483,0.891777214881,35.6710885952
1.33204065065,23.9379512314,0.891777214881,35.6710885952
1.33179064302,23.9259508652,0.891902218696,35.6760887478
1.33191564684,23.9319510483,0.891777214881,35.6710885952
1.3315406354,23.913950499,0.891777214881,35.6710885952
1.33179064302,23.9259508652,0.89202722251,35.6810889004
1.33166563921,23.9199506821,0.891777214881,35.6710885952
1.33166563921,23.9199506821,0.89202722251,35.6810889004
1.33191564684,23.9319510483,0.891902218696,35.6760887478
1.33166563921,23.9199506821,0.891902218696,35.6760887478
1.33179064302,23.9259508652,0.891777214881,35.6710885952
1.33166563921,23.9199506821,0.891777214881,35.6710885952
1.33191564684,23.9319510483,0.891902218696,35.6760887478
1.33204065065,23.9379512314,0.891902218696,35.6760887478
1.33179064302,23.9259508652,0.891777214881,35.6710885952
1.33204065065,23.9379512314,0.89202722251,35.6810889004
1.3315406354,23.913950499,0.891652211066,35.6660884426
1.33191564684,23.9319510483,0.891902218696,35.6760887478
1.33166563921,23.9199506821,0.891902218696,35.6760887478
1.33179064302,23.9259508652,0.89202722251,35.6810889004
1.33179064302,23.9259508652,0.891777214881,35.6710885952
1.33166563921,23.9199506821,0.891902218696,35.6760887478
1.33166563921,23.9199506821,0.891777214881,35.6710885952
1.33166563921,23.9199506821,0.891777214881,35.6710885952
1.33166563921,23.9199506821,0.89202722251,35.6810889004
1.33191564684,23.9319510483,0.891777214881,35.6710885952
1.33166563921,23.9199506821,0.891777214881,35.6710885952
1.33191564684,23.9319510483,0.891902218696,35.6760887478
1.33179064302,23.9259508652,0.891777214881,35.6710885952
1.33166563921,23.9199506821,0.891902218696,35.6760887478
1.33179064302,23.9259508652,0.89202722251,35.6810889004
1.33166563921,23.9199506821,0.892152226325,35.686089053
1.33191564684,23.9319510483,0.891902218696,35.6760887478
1.33166563921,23.9199506821,0.892152226325,35.686089053
1.33166563921,23.9199506821,0.891527207251,35.66108829
1.33179064302,23.9259508652,0.891402203436,35.6560881375
1.33179064302,23.9259508652,0.891027191992,35.6410876797
1.33179064302,23.9259508652,0.891152195807,35.6460878323
1.33166563921,23.9199506821,0.890777184362,35.6310873745
1.33166563921,23.9199506821,0.891027191992,35.6410876797
1.33179064302,23.9259508652,0.890777184362,35.6310873745
1.33166563921,23.9199506821,0.891152195807,35.6460878323
1.33179064302,23.9259508652,0.890902188177,35.6360875271
1.3315406354,23.913950499,0.891402203436,35.6560881375
1.33191564684,23.9319510483,0.891402203436,35.6560881375
1.33191564684,23.9319510483,0.891402203436,35.6560881375
1.3315406354,23.913950499,0.891402203436,35.6560881375
1.33166563921,23.9199506821,0.89202722251,35.6810889004
1.33191564684,23.9319510483,0.892152226325,35.686089053
1.33191564684,23.9319510483,0.891902218696,35.6760887478
1.33166563921,23.9199506821,0.892152226325,35.686089053
1.33179064302,23.9259508652,0.89202722251,35.6810889004
1.33166563921,23.9199506821,0.89227723014,35.6910892056
1.33191564684,23.9319510483,0.89227723014,35.6910892056
1.33166563921,23.9199506821,0.892652241585,35.7060896634
1.33179064302,23.9259508652,0.892902249214,35.7160899686
1.33141563158,23.9079503159,0.893027253029,35.7210901212
1.33141563158,23.9079503159,0.893402264473,35.7360905789
1.33166563921,23.9199506821,0.893402264473,35.7360905789
1.33141563158,23.9079503159,0.893402264473,35.7360905789
1.33141563158,23.9079503159,0.893777275918,35.7510910367
1.33166563921,23.9199506821,0.893652272103,35.7460908841
1.3315406354,23.913950499,0.893527268288,35.7410907315
1.33141563158,23.9079503159,0.893777275918,35.7510910367
1.33166563921,23.9199506821,0.893902279733,35.7560911893
1.33141563158,23.9079503159,0.893777275918,35.7510910367
1.33141563158,23.9079503159,0.894027283547,35.7610913419
1.33166563921,23.9199506821,0.894152287362,35.7660914945
