184518.304,,,,,00
184830.303,4005.1583,10513.9684,1593.4,-20.7,06
184951.000,4005.1592,10513.9686,1581.7,-20.7,09
184952.000,4005.1592,10513.9686,1581.7,-20.7,09
184956.000,4005.1592,10513.9686,1581.7,-20.7,09
185001.000,4005.1592,10513.9682,1581.6,-20.7,09
185002.000,4005.1592,10513.9681,1581.6,-20.7,09
185003.000,4005.1592,10513.9680,1581.6,-20.7,09
185004.000,4005.1592,10513.9679,1581.5,-20.7,09
185006.000,4005.1592,10513.9678,1581.5,-20.7,09
185008.000,4005.1591,10513.9677,1581.4,-20.7,09
185009.000,4005.1591,10513.9677,1581.4,-20.7,09
185010.000,4005.1591,10513.9676,1581.4,-20.7,09
185011.000,4005.1591,10513.9676,1581.4,-20.7,09
185012.000,4005.1590,10513.9675,1581.4,-20.7,09
185013.000,4005.1590,10513.9674,1581.4,-20.7,09
185014.000,4005.1590,10513.9674,1581.3,-20.7,09
185015.000,4005.1590,10513.9674,1581.3,-20.7,09
185016.000,4005.1590,10513.9673,1581.3,-20.7,09
185017.000,4005.1589,10513.9673,1581.3,-20.7,09
185018.000,4005.1589,10513.9672,1581.3,-20.7,09
185019.000,4005.1589,10513.9672,1581.3,-20.7,09
185020.000,4005.1589,10513.9671,1581.3,-20.7,09
185021.000,4005.1589,10513.9671,1581.3,-20.7,09
185022.000,4005.1589,10513.9671,1581.3,-20.7,09
185023.000,4005.1589,10513.9671,1581.3,-20.7,09
185024.000,4005.1588,10513.9671,1581.3,-20.7,09
185025.000,4005.1588,10513.9671,1581.4,-20.7,09
185026.000,4005.1588,10513.9671,1581.4,-20.7,09
185027.000,4005.1587,10513.9671,1581.5,-20.7,09
185028.000,4005.1587,10513.9671,1581.5,-20.7,09
185029.000,4005.1586,10513.9671,1581.6,-20.7,09
185030.000,4005.1586,10513.9671,1581.7,-20.7,09
185031.000,4005.1586,10513.9671,1581.7,-20.7,09
185032.000,4005.1585,10513.9672,1581.8,-20.7,09
185033.000,4005.1585,10513.9672,1581.9,-20.7,09
185034.000,4005.1585,10513.9672,1582.0,-20.7,09
185035.000,4005.1584,10513.9672,1582.1,-20.7,09
185036.000,4005.1584,10513.9672,1582.2,-20.7,09
185037.000,4005.1584,10513.9672,1582.3,-20.7,09
185038.000,4005.1583,10513.9672,1582.3,-20.7,09
185039.000,4005.1584,10513.9672,1582.3,-20.7,09
185040.000,4005.1584,10513.9672,1582.4,-20.7,09
185041.000,4005.1584,10513.9672,1582.4,-20.7,09
185042.000,4005.1584,10513.9672,1582.4,-20.7,09
185043.000,4005.1584,10513.9672,1582.4,-20.7,09
185044.000,4005.1584,10513.9672,1582.4,-20.7,09
185045.000,4005.1584,10513.9672,1582.4,-20.7,09
185046.000,4005.1584,10513.9672,1582.4,-20.7,09
185047.000,4005.1584,10513.9672,1582.3,-20.7,09
185048.000,4005.1584,10513.9672,1582.3,-20.7,09
185049.000,4005.1584,10513.9672,1582.3,-20.7,09
185050.000,4005.1584,10513.9671,1582.3,-20.7,09
185051.000,4005.1584,10513.9671,1582.2,-20.7,09
185052.000,4005.1584,10513.9671,1582.2,-20.7,09
185053.000,4005.1584,10513.9671,1582.2,-20.7,09
185054.000,4005.1583,10513.9670,1582.1,-20.7,09
185055.000,4005.1583,10513.9670,1582.1,-20.7,09
185056.000,4005.1583,10513.9670,1582.1,-20.7,09
185057.000,4005.1583,10513.9670,1582.0,-20.7,09
185058.000,4005.1583,10513.9670,1582.0,-20.7,09
185059.000,4005.1583,10513.9670,1582.0,-20.7,09
185100.000,4005.1583,10513.9670,1582.0,-20.7,09
185101.000,4005.1583,10513.9670,1582.0,-20.7,09
185102.000,4005.1583,10513.9670,1582.0,-20.7,09
185103.000,4005.1583,10513.9670,1582.0,-20.7,09
185104.000,4005.1583,10513.9670,1582.0,-20.7,09
185105.000,4005.1584,10513.9670,1582.0,-20.7,09
185106.000,4005.1584,10513.9670,1582.0,-20.7,09
185107.000,4005.1584,10513.9670,1582.0,-20.7,09
185108.000,4005.1584,10513.9670,1582.0,-20.7,09
185109.000,4005.1583,10513.9670,1582.0,-20.7,09
185110.000,4005.1583,10513.9670,1582.0,-20.7,09
185111.000,4005.1583,10513.9670,1582.0,-20.7,09
185112.000,4005.1583,10513.9670,1582.1,-20.7,09
185113.000,4005.1583,10513.9670,1582.1,-20.7,09
185114.000,4005.1584,10513.9670,1582.1,-20.7,09
185115.000,4005.1584,10513.9670,1582.1,-20.7,09
185116.000,4005.1584,10513.9670,1582.1,-20.7,09
185117.000,4005.1584,10513.9670,1582.2,-20.7,09
185118.000,4005.1584,10513.9670,1582.2,-20.7,09
185119.000,4005.1584,10513.9670,1582.2,-20.7,09
185120.000,4005.1584,10513.9670,1582.2,-20.7,09
185121.000,4005.1585,10513.9670,1582.2,-20.7,09
185122.000,4005.1585,10513.9670,1582.3,-20.7,09
185123.000,4005.1585,10513.9669,1582.3,-20.7,09
185124.000,4005.1585,10513.9669,1582.3,-20.7,09
185125.000,4005.1585,10513.9669,1582.3,-20.7,09
185126.000,4005.1585,10513.9669,1582.3,-20.7,09
185127.000,4005.1586,10513.9669,1582.3,-20.7,09
185128.000,4005.1586,10513.9669,1582.4,-20.7,09
185129.000,4005.1586,10513.9669,1582.4,-20.7,09
185130.000,4005.1586,10513.9669,1582.4,-20.7,09
185131.000,4005.1586,10513.9669,1582.4,-20.7,09
185132.000,4005.1586,10513.9669,1582.4,-20.7,09
185133.000,4005.1586,10513.9669,1582.4,-20.7,09
185134.000,4005.1587,10513.9669,1582.4,-20.7,09
185135.000,4005.1587,10513.9669,1582.5,-20.7,09
185136.000,4005.1587,10513.9669,1582.5,-20.7,09
185137.000,4005.1587,10513.9669,1582.6,-20.7,09
185138.000,4005.1587,10513.9669,1582.6,-20.7,09
185139.000,4005.1587,10513.9669,1582.6,-20.7,09
185140.000,4005.1588,10513.9669,1582.6,-20.7,09
185141.000,4005.1588,10513.9669,1582.6,-20.7,09
185142.000,4005.1587,10513.9669,1582.6,-20.7,09
185143.000,4005.1587,10513.9669,1582.6,-20.7,09
185144.000,4005.1587,10513.9669,1582.6,-20.7,09
185145.000,4005.1587,10513.9669,1582.6,-20.7,09
185146.000,4005.1587,10513.9668,1582.5,-20.7,09
185147.000,4005.1587,10513.9668,1582.6,-20.7,09
185148.000,4005.1587,10513.9668,1582.6,-20.7,09
185149.000,4005.1587,10513.9668,1582.5,-20.7,09
185150.000,4005.1587,10513.9668,1582.6,-20.7,09
185151.000,4005.1587,10513.9668,1582.6,-20.7,09
185152.000,4005.1587,10513.9668,1582.6,-20.7,09
185153.000,4005.1587,10513.9668,1582.6,-20.7,09
185154.000,4005.1586,10513.9668,1582.6,-20.7,09
185155.000,4005.1586,10513.9668,1582.6,-20.7,09
185156.000,4005.1586,10513.9668,1582.6,-20.7,09
185157.000,4005.1586,10513.9668,1582.6,-20.7,09
185158.000,4005.1586,10513.9668,1582.6,-20.7,09
185159.000,4005.1586,10513.9668,1582.6,-20.7,09
185200.000,4005.1586,10513.9668,1582.6,-20.7,09
185201.000,4005.1586,10513.9668,1582.6,-20.7,09
185202.000,4005.1586,10513.9668,1582.7,-20.7,09
185203.000,4005.1585,10513.9668,1582.7,-20.7,09
185204.000,4005.1585,10513.9668,1582.8,-20.7,09
185205.000,4005.1585,10513.9668,1582.9,-20.7,09
185206.000,4005.1583,10513.9668,1583.1,-20.7,09
185207.000,4005.1582,10513.9667,1583.2,-20.7,09
185208.000,4005.1581,10513.9666,1583.4,-20.7,09
185209.000,4005.1580,10513.9665,1583.6,-20.7,09
185210.000,4005.1579,10513.9664,1583.9,-20.7,09
185211.000,4005.1578,10513.9664,1584.2,-20.7,09
185212.000,4005.1577,10513.9663,1584.6,-20.7,09
185213.000,4005.1575,10513.9662,1585.1,-20.7,09
185214.000,4005.1574,10513.9658,1585.6,-20.7,09
185215.000,4005.1573,10513.9655,1586.0,-20.7,09
185216.000,4005.1573,10513.9653,1586.8,-20.7,09
185217.000,4005.1575,10513.9651,1587.2,-20.7,09
185218.000,4005.1575,10513.9650,1588.0,-20.7,09
185219.000,4005.1574,10513.9651,1589.0,-20.7,09
185220.000,4005.1572,10513.9651,1589.8,-20.7,09
185221.000,4005.1571,10513.9651,1591.2,-20.7,09
185222.000,4005.1569,10513.9649,1591.6,-20.7,09
185223.000,4005.1568,10513.9648,1593.4,-20.7,09
185224.000,4005.1567,10513.9646,1594.9,-20.7,09
185225.000,4005.1567,10513.9645,1596.4,-20.7,09
185226.000,4005.1566,10513.9643,1597.8,-20.7,09
185227.000,4005.1565,10513.9643,1599.1,-20.7,09
185228.000,4005.1564,10513.9642,1600.4,-20.7,09
185229.000,4005.1563,10513.9641,1601.6,-20.7,09
185230.000,4005.1562,10513.9640,1602.7,-20.7,09
185231.000,4005.1560,10513.9638,1603.9,-20.7,09
185232.000,4005.1560,10513.9636,1605.0,-20.7,09
185233.000,4005.1560,10513.9634,1606.2,-20.7,09
185234.000,4005.1559,10513.9633,1606.8,-20.7,09
185235.000,4005.1557,10513.9632,1607.5,-20.7,09
185236.000,4005.1555,10513.9631,1608.6,-20.7,09
185237.000,4005.1553,10513.9631,1609.9,-20.7,09
185238.000,4005.1552,10513.9631,1612.6,-20.7,09
185239.000,4005.1551,10513.9630,1614.2,-20.7,09
185240.000,4005.1551,10513.9629,1615.7,-20.7,09
185241.000,4005.1550,10513.9627,1617.1,-20.7,09
185242.000,4005.1549,10513.9627,1618.5,-20.7,09
185243.000,4005.1548,10513.9627,1619.7,-20.7,09
185244.000,4005.1547,10513.9627,1620.2,-20.7,09
185245.000,4005.1548,10513.9629,1621.0,-20.7,09
185246.000,4005.1549,10513.9631,1621.7,-20.7,09
185247.000,4005.1551,10513.9632,1622.3,-20.7,09
185248.000,4005.1552,10513.9634,1623.0,-20.7,09
185249.000,4005.1553,10513.9636,1623.5,-20.7,09
185250.000,4005.1554,10513.9637,1624.1,-20.7,09
185251.000,4005.1555,10513.9638,1624.7,-20.7,09
185252.000,4005.1557,10513.9638,1625.2,-20.7,09
185253.000,4005.1558,10513.9639,1625.7,-20.7,09
185254.000,4005.1561,10513.9639,1626.2,-20.7,09
185255.000,4005.1562,10513.9640,1626.7,-20.7,09
185256.000,4005.1563,10513.9639,1627.3,-20.7,09
185257.000,4005.1563,10513.9639,1627.8,-20.7,09
185258.000,4005.1564,10513.9639,1628.4,-20.7,09
185259.000,4005.1564,10513.9638,1628.8,-20.7,09
185300.000,4005.1564,10513.9639,1629.3,-20.7,09
185301.000,4005.1564,10513.9640,1629.9,-20.7,09
185302.000,4005.1565,10513.9640,1630.5,-20.7,09
185303.000,4005.1566,10513.9641,1631.0,-20.7,09
185304.000,4005.1567,10513.9641,1631.5,-20.7,09
185305.000,4005.1568,10513.9642,1632.0,-20.7,09
185306.000,4005.1568,10513.9642,1632.4,-20.7,09
185307.000,4005.1569,10513.9641,1632.9,-20.7,09
185308.000,4005.1569,10513.9641,1633.4,-20.7,09
185309.000,4005.1569,10513.9641,1633.9,-20.7,09
185310.000,4005.1569,10513.9642,1634.3,-20.7,09
185311.000,4005.1570,10513.9641,1634.7,-20.7,09
185312.000,4005.1570,10513.9641,1635.2,-20.7,09
185313.000,4005.1570,10513.9641,1635.6,-20.7,09
185314.000,4005.1570,10513.9642,1636.0,-20.7,09
185315.000,4005.1571,10513.9642,1636.5,-20.7,09
185316.000,4005.1571,10513.9642,1636.9,-20.7,09
185317.000,4005.1571,10513.9643,1637.4,-20.7,09
185318.000,4005.1571,10513.9643,1637.8,-20.7,09
185319.000,4005.1571,10513.9644,1638.2,-20.7,09
185320.000,4005.1571,10513.9645,1638.6,-20.7,09
185321.000,4005.1571,10513.9645,1639.0,-20.7,09
185322.000,4005.1571,10513.9645,1639.4,-20.7,09
185323.000,4005.1571,10513.9646,1639.8,-20.7,09
185324.000,4005.1571,10513.9646,1640.1,-20.7,09
185325.000,4005.1571,10513.9647,1640.6,-20.7,09
185326.000,4005.1572,10513.9647,1641.0,-20.7,09
185327.000,4005.1572,10513.9647,1641.3,-20.7,09
185328.000,4005.1572,10513.9648,1641.8,-20.7,09
185329.000,4005.1572,10513.9649,1642.2,-20.7,09
185330.000,4005.1572,10513.9649,1642.7,-20.7,09
185331.000,4005.1572,10513.9649,1643.1,-20.7,09
185332.000,4005.1572,10513.9649,1643.5,-20.7,09
185333.000,4005.1572,10513.9648,1643.9,-20.7,09
185334.000,4005.1572,10513.9648,1644.4,-20.7,09
185335.000,4005.1572,10513.9647,1644.7,-20.7,09
185336.000,4005.1572,10513.9647,1645.0,-20.7,09
185337.000,4005.1573,10513.9648,1645.4,-20.7,09
185338.000,4005.1573,10513.9649,1645.7,-20.7,09
185339.000,4005.1574,10513.9650,1646.1,-20.7,09
185340.000,4005.1574,10513.9650,1646.5,-20.7,09
185341.000,4005.1574,10513.9651,1646.8,-20.7,09
185342.000,4005.1573,10513.9651,1647.2,-20.7,09
185343.000,4005.1573,10513.9651,1647.5,-20.7,09
185344.000,4005.1573,10513.9651,1647.8,-20.7,09
185345.000,4005.1573,10513.9651,1648.1,-20.7,09
185346.000,4005.1573,10513.9650,1648.4,-20.7,09
185347.000,4005.1573,10513.9650,1648.8,-20.7,09
185348.000,4005.1573,10513.9650,1649.1,-20.7,09
185349.000,4005.1573,10513.9650,1649.4,-20.7,09
185350.000,4005.1574,10513.9650,1649.7,-20.7,09
185351.000,4005.1574,10513.9651,1649.9,-20.7,09
185352.000,4005.1574,10513.9651,1650.2,-20.7,09
185353.000,4005.1574,10513.9651,1650.6,-20.7,09
185354.000,4005.1575,10513.9651,1650.9,-20.7,09
185355.000,4005.1575,10513.9651,1651.2,-20.7,09
185356.000,4005.1576,10513.9651,1651.4,-20.7,09
185357.000,4005.1576,10513.9650,1651.7,-20.7,09
185358.000,4005.1576,10513.9650,1652.0,-20.7,09
185359.000,4005.1576,10513.9650,1652.3,-20.7,09
185400.000,4005.1576,10513.9650,1652.7,-20.7,09
185401.000,4005.1577,10513.9650,1653.0,-20.7,09
185402.000,4005.1577,10513.9650,1653.3,-20.7,09
185403.000,4005.1577,10513.9650,1653.7,-20.7,09
185404.000,4005.1578,10513.9650,1654.2,-20.7,09
185405.000,4005.1578,10513.9650,1654.5,-20.7,09
185406.000,4005.1579,10513.9649,1654.9,-20.7,09
185407.000,4005.1579,10513.9649,1654.9,-20.7,09
185408.000,4005.1579,10513.9649,1655.2,-20.7,09
185409.000,4005.1580,10513.9649,1655.6,-20.7,09
185410.000,4005.1580,10513.9648,1656.0,-20.7,09
185411.000,4005.1580,10513.9648,1656.4,-20.7,09
185412.000,4005.1581,10513.9648,1656.8,-20.7,09
185413.000,4005.1581,10513.9648,1657.2,-20.7,09
185414.000,4005.1581,10513.9648,1657.6,-20.7,09
185415.000,4005.1582,10513.9648,1657.9,-20.7,09
185416.000,4005.1582,10513.9649,1658.2,-20.7,09
185417.000,4005.1583,10513.9649,1658.6,-20.7,09
185418.000,4005.1583,10513.9650,1658.9,-20.7,09
185419.000,4005.1583,10513.9651,1659.2,-20.7,09
185420.000,4005.1583,10513.9651,1659.5,-20.7,09
185421.000,4005.1584,10513.9652,1659.7,-20.7,09
185422.000,4005.1584,10513.9653,1659.9,-20.7,09
185423.000,4005.1584,10513.9653,1660.1,-20.7,09
185424.000,4005.1584,10513.9654,1660.2,-20.7,09
185425.000,4005.1585,10513.9654,1660.5,-20.7,09
185426.000,4005.1586,10513.9654,1660.9,-20.7,09
185427.000,4005.1586,10513.9655,1661.3,-20.7,09
185428.000,4005.1587,10513.9655,1661.8,-20.7,09
185429.000,4005.1587,10513.9656,1662.1,-20.7,09
185430.000,4005.1586,10513.9655,1662.5,-20.7,09
185431.000,4005.1586,10513.9655,1662.8,-20.7,09
185432.000,4005.1586,10513.9655,1663.1,-20.7,09
185433.000,4005.1585,10513.9654,1663.5,-20.7,09
185434.000,4005.1585,10513.9653,1663.9,-20.7,09
185435.000,4005.1585,10513.9653,1664.3,-20.7,09
185436.000,4005.1585,10513.9653,1664.6,-20.7,09
185437.000,4005.1585,10513.9653,1664.9,-20.7,09
185438.000,4005.1585,10513.9653,1665.1,-20.7,09
185439.000,4005.1585,10513.9653,1665.4,-20.7,09
185440.000,4005.1586,10513.9653,1665.7,-20.7,09
185441.000,4005.1586,10513.9653,1665.7,-20.7,09
185442.000,4005.1586,10513.9653,1665.7,-20.7,09
185443.000,4005.1586,10513.9653,1665.7,-20.7,09
185444.000,4005.1586,10513.9653,1665.7,-20.7,09
185445.000,4005.1586,10513.9653,1665.7,-20.7,09
185446.000,4005.1586,10513.9653,1665.7,-20.7,09
185447.000,4005.1586,10513.9653,1665.7,-20.7,09
185448.000,4005.1586,10513.9653,1665.7,-20.7,09
185449.000,4005.1586,10513.9653,1665.7,-20.7,09
185450.000,4005.1586,10513.9653,1665.7,-20.7,09
185451.000,4005.1586,10513.9653,1665.7,-20.7,09
185452.000,4005.1586,10513.9653,1665.7,-20.7,09
185453.000,4005.1586,10513.9653,1665.7,-20.7,09
185454.000,4005.1586,10513.9653,1665.7,-20.7,09
185455.000,4005.1586,10513.9653,1665.7,-20.7,09
185456.000,4005.1586,10513.9653,1665.7,-20.7,09
185457.000,4005.1586,10513.9653,1665.7,-20.7,09
185458.000,4005.1586,10513.9652,1665.7,-20.7,09
185459.000,4005.1586,10513.9652,1665.7,-20.7,09
185500.000,4005.1586,10513.9652,1665.7,-20.7,09
185501.000,4005.1586,10513.9652,1665.7,-20.7,09
185502.000,4005.1586,10513.9652,1665.6,-20.7,09
185503.000,4005.1589,10513.9651,1665.0,-20.7,09
185504.000,4005.1591,10513.9652,1664.1,-20.7,09
185505.000,4005.1592,10513.9652,1663.3,-20.7,09
185506.000,4005.1593,10513.9651,1662.5,-20.7,09
185507.000,4005.1594,10513.9650,1661.6,-20.7,09
185508.000,4005.1595,10513.9649,1661.4,-20.7,09
185509.000,4005.1595,10513.9649,1661.0,-20.7,09
185510.000,4005.1595,10513.9648,1660.7,-20.7,09
185511.000,4005.1594,10513.9648,1660.7,-20.7,09
185512.000,4005.1594,10513.9648,1660.8,-20.7,09
185513.000,4005.1593,10513.9648,1660.8,-20.7,09
185514.000,4005.1594,10513.9648,1661.1,-20.7,09
185515.000,4005.1594,10513.9648,1661.4,-20.7,09
185516.000,4005.1594,10513.9649,1661.5,-20.7,09
185517.000,4005.1594,10513.9649,1661.5,-20.7,09
185518.000,4005.1594,10513.9649,1661.6,-20.7,09
185519.000,4005.1594,10513.9649,1661.7,-20.7,09
185520.000,4005.1595,10513.9649,1661.9,-20.7,09
185521.000,4005.1595,10513.9649,1662.0,-20.7,09
185522.000,4005.1595,10513.9648,1662.2,-20.7,09
185523.000,4005.1595,10513.9648,1662.0,-20.7,09
185524.000,4005.1595,10513.9648,1661.9,-20.7,09
185525.000,4005.1595,10513.9649,1661.7,-20.7,09
185526.000,4005.1595,10513.9649,1661.6,-20.7,09
185527.000,4005.1595,10513.9649,1661.5,-20.7,09
185528.000,4005.1595,10513.9649,1661.4,-20.7,09
185529.000,4005.1595,10513.9649,1661.3,-20.7,09
185530.000,4005.1595,10513.9650,1661.2,-20.7,09
185531.000,4005.1595,10513.9650,1661.1,-20.7,09
185532.000,4005.1595,10513.9650,1661.3,-20.7,09
185533.000,4005.1595,10513.9651,1661.5,-20.7,09
185534.000,4005.1595,10513.9651,1661.7,-20.7,09
185535.000,4005.1595,10513.9651,1661.9,-20.7,09
185536.000,4005.1595,10513.9651,1662.0,-20.7,09
185537.000,4005.1596,10513.9651,1662.1,-20.7,09
185538.000,4005.1596,10513.9651,1662.2,-20.7,09
185539.000,4005.1596,10513.9651,1662.4,-20.7,09
185540.000,4005.1596,10513.9651,1662.5,-20.7,09
185541.000,4005.1596,10513.9651,1662.8,-20.7,09
185542.000,4005.1596,10513.9651,1663.0,-20.7,09
185543.000,4005.1596,10513.9651,1663.2,-20.7,09
185544.000,4005.1596,10513.9651,1663.4,-20.7,09
185545.000,4005.1596,10513.9651,1663.6,-20.7,09
185546.000,4005.1597,10513.9651,1663.8,-20.7,09
185547.000,4005.1597,10513.9652,1664.0,-20.7,09
185548.000,4005.1597,10513.9652,1664.2,-20.7,09
185549.000,4005.1597,10513.9652,1664.2,-20.7,10
185550.000,4005.1597,10513.9652,1664.1,-20.7,09
185551.000,4005.1597,10513.9652,1664.1,-20.7,09
185552.000,4005.1597,10513.9652,1664.1,-20.7,09
185553.000,4005.1597,10513.9652,1664.1,-20.7,09
185554.000,4005.1597,10513.9652,1664.1,-20.7,09
185555.000,4005.1597,10513.9652,1664.1,-20.7,09
185556.000,4005.1597,10513.9652,1664.1,-20.7,09
185557.000,4005.1597,10513.9652,1664.1,-20.7,09
185558.000,4005.1597,10513.9652,1664.1,-20.7,09
185559.000,4005.1597,10513.9653,1664.2,-20.7,09
185600.000,4005.1597,10513.9653,1664.3,-20.7,09
185601.000,4005.1597,10513.9653,1664.3,-20.7,09
185602.000,4005.1597,10513.9653,1664.5,-20.7,09
185603.000,4005.1597,10513.9653,1664.6,-20.7,09
185604.000,4005.1597,10513.9653,1664.8,-20.7,09
185605.000,4005.1597,10513.9653,1665.0,-20.7,09
185606.000,4005.1597,10513.9653,1665.3,-20.7,09
185607.000,4005.1597,10513.9653,1665.5,-20.7,09
185608.000,4005.1598,10513.9653,1665.6,-20.7,09
185609.000,4005.1599,10513.9654,1665.7,-20.7,09
185610.000,4005.1599,10513.9654,1665.9,-20.7,09
185611.000,4005.1599,10513.9654,1666.0,-20.7,09
185612.000,4005.1599,10513.9655,1666.2,-20.7,09
185613.000,4005.1600,10513.9655,1666.3,-20.7,09
185614.000,4005.1600,10513.9656,1666.5,-20.7,09
185615.000,4005.1600,10513.9656,1666.6,-20.7,09
185616.000,4005.1600,10513.9657,1666.6,-20.7,09
185617.000,4005.1600,10513.9657,1666.6,-20.7,09
185618.000,4005.1600,10513.9657,1666.6,-20.7,09
185619.000,4005.1600,10513.9657,1666.6,-20.7,09
185620.000,4005.1600,10513.9657,1666.6,-20.7,09
185621.000,4005.1600,10513.9657,1666.6,-20.7,09
185622.000,4005.1600,10513.9657,1666.6,-20.7,09
185623.000,4005.1600,10513.9657,1666.6,-20.7,09
185624.000,4005.1600,10513.9657,1666.6,-20.7,09
185625.000,4005.1600,10513.9657,1666.6,-20.7,09
185626.000,4005.1600,10513.9657,1666.6,-20.7,09
185627.000,4005.1600,10513.9657,1666.6,-20.7,09
185628.000,4005.1600,10513.9657,1666.6,-20.7,09
185629.000,4005.1600,10513.9657,1666.6,-20.7,09
185630.000,4005.1600,10513.9657,1666.6,-20.7,09
185631.000,4005.1600,10513.9657,1666.6,-20.7,09
185632.000,4005.1600,10513.9657,1666.6,-20.7,09
185633.000,4005.1600,10513.9657,1666.6,-20.7,09
185634.000,4005.1600,10513.9657,1666.6,-20.7,09
185635.000,4005.1600,10513.9657,1666.6,-20.7,09
185636.000,4005.1600,10513.9657,1666.6,-20.7,09
185637.000,4005.1600,10513.9657,1666.6,-20.7,09
185638.000,4005.1600,10513.9657,1666.6,-20.7,09
185639.000,4005.1600,10513.9657,1666.6,-20.7,09
185640.000,4005.1600,10513.9657,1666.6,-20.7,09
185641.000,4005.1600,10513.9657,1666.6,-20.7,09
185642.000,4005.1600,10513.9657,1666.7,-20.7,09
185643.000,4005.1600,10513.9657,1666.7,-20.7,09
185644.000,4005.1600,10513.9657,1666.7,-20.7,09
185645.000,4005.1600,10513.9657,1666.7,-20.7,09
185646.000,4005.1600,10513.9657,1666.7,-20.7,09
185647.000,4005.1600,10513.9657,1666.7,-20.7,09
185648.000,4005.1600,10513.9657,1666.7,-20.7,09
185649.000,4005.1600,10513.9657,1666.7,-20.7,09
185650.000,4005.1600,10513.9657,1666.7,-20.7,09
185651.000,4005.1600,10513.9657,1666.7,-20.7,09
185652.000,4005.1600,10513.9657,1666.7,-20.7,09
185653.000,4005.1600,10513.9657,1666.7,-20.7,09
185654.000,4005.1600,10513.9657,1666.7,-20.7,09
185655.000,4005.1600,10513.9657,1666.7,-20.7,09
185656.000,4005.1600,10513.9657,1666.7,-20.7,09
185657.000,4005.1600,10513.9657,1666.6,-20.7,09
185658.000,4005.1600,10513.9657,1666.6,-20.7,09
185659.000,4005.1600,10513.9657,1666.6,-20.7,09
185700.000,4005.1600,10513.9657,1666.6,-20.7,09
185701.000,4005.1600,10513.9657,1666.6,-20.7,09
185702.000,4005.1600,10513.9657,1666.6,-20.7,09
185703.000,4005.1600,10513.9657,1666.6,-20.7,09
185704.000,4005.1600,10513.9657,1666.6,-20.7,09
185705.000,4005.1600,10513.9657,1666.5,-20.7,09
185706.000,4005.1601,10513.9657,1666.5,-20.7,09
185707.000,4005.1601,10513.9657,1666.3,-20.7,09
185708.000,4005.1601,10513.9656,1666.0,-20.7,09
185709.000,4005.1601,10513.9656,1665.8,-20.7,09
185710.000,4005.1601,10513.9656,1665.6,-20.7,09
185711.000,4005.1601,10513.9656,1665.5,-20.7,09
185712.000,4005.1601,10513.9656,1665.3,-20.7,09
185713.000,4005.1601,10513.9657,1665.3,-20.7,09
185714.000,4005.1601,10513.9657,1665.2,-20.7,09
185715.000,4005.1601,10513.9658,1665.0,-20.7,08
185716.000,4005.1602,10513.9658,1665.0,-20.7,08
185717.000,4005.1601,10513.9660,1664.9,-20.7,08
185718.000,4005.1601,10513.9661,1664.8,-20.7,08
185719.000,4005.1601,10513.9661,1664.7,-20.7,08
185720.000,4005.1602,10513.9657,1664.4,-20.7,08
185721.000,4005.1603,10513.9651,1664.4,-20.7,08
185722.000,4005.1604,10513.9644,1664.4,-20.7,08
185723.000,4005.1605,10513.9640,1664.3,-20.7,08
185724.000,4005.1605,10513.9638,1664.2,-20.7,08
185725.000,4005.1605,10513.9635,1664.0,-20.7,08
185726.000,4005.1606,10513.9632,1664.0,-20.7,08
185727.000,4005.1607,10513.9630,1663.9,-20.7,08
185728.000,4005.1607,10513.9629,1663.9,-20.7,08
185729.000,4005.1607,10513.9629,1663.9,-20.7,08
185730.000,4005.1607,10513.9630,1664.0,-20.7,08
185731.000,4005.1606,10513.9630,1664.1,-20.7,08
185732.000,4005.1606,10513.9631,1664.2,-20.7,08
185733.000,4005.1606,10513.9631,1664.2,-20.7,08
185734.000,4005.1605,10513.9631,1664.3,-20.7,08
185735.000,4005.1605,10513.9631,1664.3,-20.7,08
185736.000,4005.1605,10513.9631,1664.3,-20.7,08
185737.000,4005.1604,10513.9631,1664.3,-20.7,08
185738.000,4005.1604,10513.9631,1664.3,-20.7,08
185739.000,4005.1604,10513.9632,1664.3,-20.7,08
185740.000,4005.1604,10513.9632,1664.2,-20.7,08
185741.000,4005.1604,10513.9632,1664.2,-20.7,08
185742.000,4005.1603,10513.9632,1664.1,-20.7,08
185743.000,4005.1603,10513.9632,1664.1,-20.7,08
185744.000,4005.1603,10513.9633,1664.1,-20.7,08
185745.000,4005.1603,10513.9633,1664.1,-20.7,08
185746.000,4005.1603,10513.9634,1664.1,-20.7,08
185747.000,4005.1603,10513.9634,1664.1,-20.7,08
185748.000,4005.1602,10513.9634,1664.2,-20.7,08
185749.000,4005.1602,10513.9635,1664.2,-20.7,08
185750.000,4005.1603,10513.9635,1664.3,-20.7,08
185751.000,4005.1603,10513.9635,1664.3,-20.7,08
185752.000,4005.1603,10513.9634,1664.4,-20.7,08
185753.000,4005.1603,10513.9634,1664.4,-20.7,08
185754.000,4005.1603,10513.9634,1664.4,-20.7,08
185755.000,4005.1603,10513.9634,1664.5,-20.7,08
185756.000,4005.1603,10513.9635,1664.5,-20.7,08
185757.000,4005.1603,10513.9634,1664.5,-20.7,08
185758.000,4005.1602,10513.9634,1664.5,-20.7,08
185759.000,4005.1602,10513.9634,1664.5,-20.7,08
185800.000,4005.1602,10513.9633,1664.5,-20.7,08
185801.000,4005.1602,10513.9633,1664.5,-20.7,08
185802.000,4005.1602,10513.9633,1664.5,-20.7,08
185803.000,4005.1602,10513.9633,1664.5,-20.7,08
185804.000,4005.1602,10513.9634,1664.5,-20.7,08
185805.000,4005.1602,10513.9634,1664.5,-20.7,08
185806.000,4005.1602,10513.9635,1664.5,-20.7,08
185807.000,4005.1602,10513.9635,1664.5,-20.7,08
185808.000,4005.1602,10513.9635,1664.5,-20.7,08
185809.000,4005.1602,10513.9635,1664.5,-20.7,08
185810.000,4005.1601,10513.9635,1664.5,-20.7,08
185811.000,4005.1601,10513.9635,1664.5,-20.7,08
185812.000,4005.1601,10513.9635,1664.5,-20.7,08
185813.000,4005.1601,10513.9635,1664.5,-20.7,08
185814.000,4005.1601,10513.9635,1664.5,-20.7,08
185815.000,4005.1601,10513.9636,1664.5,-20.7,08
185816.000,4005.1601,10513.9636,1664.5,-20.7,08
185817.000,4005.1602,10513.9636,1664.5,-20.7,08
185818.000,4005.1602,10513.9636,1664.5,-20.7,08
185819.000,4005.1602,10513.9636,1664.4,-20.7,08
185820.000,4005.1601,10513.9636,1664.3,-20.7,08
185821.000,4005.1601,10513.9637,1664.3,-20.7,08
185822.000,4005.1601,10513.9637,1664.4,-20.7,08
185823.000,4005.1601,10513.9638,1664.6,-20.7,08
185824.000,4005.1601,10513.9638,1664.6,-20.7,08
185825.000,4005.1602,10513.9638,1664.7,-20.7,08
185826.000,4005.1602,10513.9638,1664.7,-20.7,08
185827.000,4005.1603,10513.9638,1664.7,-20.7,08
185828.000,4005.1603,10513.9639,1664.7,-20.7,08
185829.000,4005.1603,10513.9639,1664.7,-20.7,08
185830.000,4005.1603,10513.9640,1664.7,-20.7,08
185831.000,4005.1603,10513.9640,1664.7,-20.7,08
185832.000,4005.1603,10513.9640,1664.7,-20.7,08
185833.000,4005.1603,10513.9640,1664.8,-20.7,08
185834.000,4005.1603,10513.9640,1664.9,-20.7,08
185835.000,4005.1603,10513.9640,1665.1,-20.7,08
185836.000,4005.1603,10513.9640,1665.1,-20.7,08
185837.000,4005.1603,10513.9640,1665.1,-20.7,08
185838.000,4005.1603,10513.9640,1665.1,-20.7,08
185839.000,4005.1603,10513.9640,1665.1,-20.7,08
185840.000,4005.1603,10513.9640,1665.1,-20.7,08
185841.000,4005.1603,10513.9640,1665.1,-20.7,08
185842.000,4005.1603,10513.9640,1665.1,-20.7,08
185843.000,4005.1603,10513.9640,1665.1,-20.7,08
185844.000,4005.1603,10513.9640,1665.1,-20.7,08
185845.000,4005.1602,10513.9640,1665.2,-20.7,08
185846.000,4005.1602,10513.9640,1665.4,-20.7,08
185847.000,4005.1602,10513.9640,1665.5,-20.7,08
185848.000,4005.1601,10513.9640,1665.5,-20.7,08
185849.000,4005.1602,10513.9641,1665.6,-20.7,08
185850.000,4005.1602,10513.9642,1665.6,-20.7,08
185851.000,4005.1602,10513.9642,1665.6,-20.7,08
185852.000,4005.1602,10513.9642,1665.6,-20.7,08
185853.000,4005.1602,10513.9643,1665.6,-20.7,08
185854.000,4005.1602,10513.9643,1665.7,-20.7,08
185855.000,4005.1602,10513.9643,1665.8,-20.7,08
185856.000,4005.1602,10513.9642,1666.0,-20.7,08
185857.000,4005.1602,10513.9642,1666.1,-20.7,08
185858.000,4005.1601,10513.9642,1666.2,-20.7,08
185859.000,4005.1601,10513.9642,1666.3,-20.7,08
185900.000,4005.1601,10513.9642,1666.3,-20.7,08
185901.000,4005.1600,10513.9643,1666.4,-20.7,08
185902.000,4005.1600,10513.9643,1666.3,-20.7,08
185903.000,4005.1600,10513.9644,1665.8,-20.7,08
185904.000,4005.1601,10513.9645,1665.2,-20.7,08
185905.000,4005.1601,10513.9646,1664.4,-20.7,08
185906.000,4005.1601,10513.9646,1662.7,-20.7,08
185907.000,4005.1601,10513.9646,1660.8,-20.7,08
185908.000,4005.1601,10513.9646,1658.9,-20.7,08
185909.000,4005.1599,10513.9647,1657.5,-20.7,08
185910.000,4005.1596,10513.9647,1656.4,-20.7,08
185911.000,4005.1594,10513.9648,1655.4,-20.7,08
185912.000,4005.1592,10513.9648,1655.0,-20.7,08
185913.000,4005.1591,10513.9648,1654.4,-20.7,08
185914.000,4005.1591,10513.9648,1654.0,-20.7,08
185915.000,4005.1591,10513.9648,1653.9,-20.7,08
185916.000,4005.1591,10513.9648,1653.8,-20.7,08
185917.000,4005.1591,10513.9648,1653.6,-20.7,08
185918.000,4005.1591,10513.9648,1653.6,-20.7,08
185919.000,4005.1591,10513.9649,1653.6,-20.7,08
185920.000,4005.1589,10513.9652,1653.6,-20.7,08
185921.000,4005.1587,10513.9659,1653.6,-20.7,08
185922.000,4005.1584,10513.9668,1653.5,-20.7,08
185923.000,4005.1579,10513.9681,1653.4,-20.7,08
185924.000,4005.1575,10513.9694,1653.2,-20.7,08
185925.000,4005.1572,10513.9703,1653.1,-20.7,08
185926.000,4005.1572,10513.9707,1653.0,-20.7,08
185927.000,4005.1577,10513.9713,1652.8,-20.7,08
185928.000,4005.1584,10513.9721,1652.7,-20.7,08
185929.000,4005.1597,10513.9732,1652.6,-20.7,08
185930.000,4005.1607,10513.9739,1652.5,-20.7,08
185931.000,4005.1613,10513.9741,1652.4,-20.7,08
185932.000,4005.1616,10513.9741,1652.4,-20.7,08
185933.000,4005.1618,10513.9742,1652.2,-20.7,09
185934.000,4005.1620,10513.9742,1651.9,-20.7,09
185935.000,4005.1620,10513.9742,1651.7,-20.7,09
185936.000,4005.1620,10513.9742,1651.5,-20.7,09
185937.000,4005.1620,10513.9742,1651.3,-20.7,09
185938.000,4005.1620,10513.9742,1651.1,-20.7,09
185939.000,4005.1620,10513.9742,1650.9,-20.7,09
185940.000,4005.1620,10513.9742,1650.6,-20.7,09
185941.000,4005.1620,10513.9742,1650.4,-20.7,09
185942.000,4005.1620,10513.9743,1650.3,-20.7,09
185943.000,4005.1621,10513.9743,1650.2,-20.7,09
185944.000,4005.1621,10513.9743,1650.0,-20.7,09
185945.000,4005.1620,10513.9743,1649.9,-20.7,09
185946.000,4005.1620,10513.9743,1649.9,-20.7,09
185947.000,4005.1621,10513.9743,1649.8,-20.7,09
185948.000,4005.1621,10513.9744,1649.6,-20.7,09
185949.000,4005.1622,10513.9744,1649.5,-20.7,09
185950.000,4005.1622,10513.9743,1649.5,-20.7,09
185951.000,4005.1622,10513.9743,1649.3,-20.7,09
185952.000,4005.1623,10513.9744,1649.1,-20.7,09
185953.000,4005.1623,10513.9744,1648.9,-20.7,09
185954.000,4005.1623,10513.9745,1648.7,-20.7,09
185955.000,4005.1623,10513.9746,1648.5,-20.7,09
185956.000,4005.1623,10513.9746,1648.4,-20.7,09
185957.000,4005.1623,10513.9746,1648.3,-20.7,09
185958.000,4005.1624,10513.9746,1648.2,-20.7,09
185959.000,4005.1624,10513.9746,1648.3,-20.7,09
190000.000,4005.1624,10513.9746,1648.2,-20.7,09
190001.000,4005.1624,10513.9746,1648.1,-20.7,09
190002.000,4005.1624,10513.9746,1648.1,-20.7,09
190003.000,4005.1624,10513.9746,1647.9,-20.7,09
190004.000,4005.1624,10513.9745,1647.8,-20.7,09
190005.000,4005.1624,10513.9745,1647.8,-20.7,09
190006.000,4005.1624,10513.9746,1647.8,-20.7,09
190007.000,4005.1624,10513.9746,1647.7,-20.7,09
190008.000,4005.1624,10513.9745,1647.7,-20.7,09
190009.000,4005.1625,10513.9745,1647.7,-20.7,09
190010.000,4005.1625,10513.9745,1647.7,-20.7,09
190011.000,4005.1625,10513.9745,1647.7,-20.7,09
190012.000,4005.1625,10513.9745,1647.7,-20.7,09
190013.000,4005.1625,10513.9745,1647.7,-20.7,09
190014.000,4005.1625,10513.9745,1647.7,-20.7,09
190015.000,4005.1625,10513.9745,1647.7,-20.7,09
190016.000,4005.1626,10513.9745,1647.6,-20.7,09
190017.000,4005.1626,10513.9745,1647.6,-20.7,09
190018.000,4005.1627,10513.9745,1647.5,-20.7,09
190019.000,4005.1627,10513.9745,1647.5,-20.7,09
190020.000,4005.1627,10513.9744,1647.4,-20.7,09
190021.000,4005.1627,10513.9744,1647.5,-20.7,09
190022.000,4005.1628,10513.9744,1647.5,-20.7,09
190023.000,4005.1628,10513.9744,1647.5,-20.7,09
190024.000,4005.1628,10513.9744,1647.5,-20.7,09
190025.000,4005.1629,10513.9744,1647.4,-20.7,09
190026.000,4005.1629,10513.9744,1647.3,-20.7,09
190027.000,4005.1629,10513.9745,1647.2,-20.7,09
190028.000,4005.1629,10513.9744,1647.1,-20.7,09
190029.000,4005.1629,10513.9744,1647.1,-20.7,09
190030.000,4005.1630,10513.9744,1647.0,-20.7,09
190031.000,4005.1630,10513.9744,1646.9,-20.7,09
190032.000,4005.1630,10513.9744,1646.8,-20.7,09
190033.000,4005.1630,10513.9744,1646.8,-20.7,09
190034.000,4005.1629,10513.9744,1646.8,-20.7,09
190035.000,4005.1629,10513.9744,1646.8,-20.7,09
190036.000,4005.1629,10513.9744,1646.8,-20.7,09
190037.000,4005.1629,10513.9744,1646.7,-20.7,09
190038.000,4005.1629,10513.9744,1646.6,-20.7,09
190039.000,4005.1629,10513.9745,1646.5,-20.7,09
190040.000,4005.1630,10513.9745,1646.5,-20.7,09
190041.000,4005.1630,10513.9745,1646.4,-20.7,09
190042.000,4005.1630,10513.9745,1646.3,-20.7,09
190043.000,4005.1631,10513.9745,1646.3,-20.7,09
190044.000,4005.1631,10513.9745,1646.3,-20.7,09
190045.000,4005.1631,10513.9746,1646.2,-20.7,09
190046.000,4005.1631,10513.9746,1646.1,-20.7,09
190047.000,4005.1631,10513.9746,1646.1,-20.7,09
190048.000,4005.1631,10513.9746,1646.1,-20.7,09
190049.000,4005.1631,10513.9746,1646.0,-20.7,09
190050.000,4005.1631,10513.9746,1645.9,-20.7,09
190051.000,4005.1631,10513.9746,1645.9,-20.7,09
190052.000,4005.1631,10513.9746,1645.9,-20.7,09
190053.000,4005.1631,10513.9746,1645.9,-20.7,09
190054.000,4005.1631,10513.9746,1645.9,-20.7,09
190055.000,4005.1631,10513.9746,1645.9,-20.7,09
190056.000,4005.1631,10513.9746,1645.9,-20.7,09
190057.000,4005.1631,10513.9746,1645.9,-20.7,09
190058.000,4005.1631,10513.9746,1645.9,-20.7,09
190059.000,4005.1631,10513.9746,1645.9,-20.7,09
190100.000,4005.1631,10513.9746,1645.9,-20.7,09
190101.000,4005.1631,10513.9746,1645.9,-20.7,09
190102.000,4005.1631,10513.9746,1645.9,-20.7,09
190103.000,4005.1631,10513.9746,1645.9,-20.7,09
190104.000,4005.1631,10513.9746,1645.8,-20.7,09
190105.000,4005.1631,10513.9746,1645.8,-20.7,09
190106.000,4005.1631,10513.9746,1645.8,-20.7,09
190107.000,4005.1631,10513.9746,1645.8,-20.7,09
190108.000,4005.1631,10513.9746,1645.7,-20.7,09
190109.000,4005.1631,10513.9746,1645.7,-20.7,09
190110.000,4005.1631,10513.9746,1645.7,-20.7,09
190111.000,4005.1631,10513.9746,1645.7,-20.7,09
190112.000,4005.1631,10513.9746,1645.7,-20.7,09
190113.000,4005.1631,10513.9746,1645.7,-20.7,09
190114.000,4005.1631,10513.9746,1645.6,-20.7,09
190115.000,4005.1631,10513.9746,1645.6,-20.7,09
190116.000,4005.1631,10513.9746,1645.6,-20.7,09
190117.000,4005.1631,10513.9746,1645.6,-20.7,09
190118.000,4005.1631,10513.9746,1645.6,-20.7,09
190119.000,4005.1631,10513.9746,1645.6,-20.7,09
190120.000,4005.1631,10513.9746,1645.6,-20.7,09
190121.000,4005.1631,10513.9746,1645.6,-20.7,09
190122.000,4005.1631,10513.9746,1645.6,-20.7,09
190123.000,4005.1628,10513.9754,1645.4,-20.7,09
190124.000,4005.1623,10513.9763,1645.3,-20.7,09
190125.000,4005.1619,10513.9773,1645.2,-20.7,09
190126.000,4005.1616,10513.9781,1644.9,-20.7,09
190127.000,4005.1614,10513.9785,1644.6,-20.7,09
190128.000,4005.1612,10513.9786,1644.3,-20.7,09
190129.000,4005.1612,10513.9787,1644.1,-20.7,09
190130.000,4005.1611,10513.9787,1643.9,-20.7,09
190131.000,4005.1612,10513.9787,1643.6,-20.7,09
190132.000,4005.1612,10513.9788,1643.4,-20.7,09
190133.000,4005.1612,10513.9788,1643.1,-20.7,09
190134.000,4005.1612,10513.9789,1642.8,-20.7,09
190135.000,4005.1611,10513.9789,1642.6,-20.7,09
190136.000,4005.1611,10513.9790,1642.3,-20.7,09
190137.000,4005.1611,10513.9790,1642.1,-20.7,09
190138.000,4005.1610,10513.9790,1641.9,-20.7,09
190139.000,4005.1610,10513.9790,1641.7,-20.7,09
190140.000,4005.1609,10513.9790,1641.5,-20.7,09
190141.000,4005.1609,10513.9791,1641.2,-20.7,09
190142.000,4005.1610,10513.9792,1640.9,-20.7,09
190143.000,4005.1610,10513.9793,1640.5,-20.7,09
190144.000,4005.1610,10513.9793,1640.5,-20.7,09
190145.000,4005.1610,10513.9794,1640.4,-20.7,09
190146.000,4005.1610,10513.9794,1640.4,-20.7,09
190147.000,4005.1610,10513.9794,1640.4,-20.7,09
190148.000,4005.1610,10513.9794,1640.4,-20.7,09
190149.000,4005.1609,10513.9795,1640.3,-20.7,09
190150.000,4005.1609,10513.9795,1640.3,-20.7,09
190151.000,4005.1609,10513.9795,1640.3,-20.7,09
190152.000,4005.1610,10513.9795,1640.3,-20.7,09
190153.000,4005.1610,10513.9795,1640.3,-20.7,09
190154.000,4005.1610,10513.9796,1640.3,-20.7,09
190155.000,4005.1610,10513.9796,1640.3,-20.7,09
190156.000,4005.1610,10513.9796,1640.3,-20.7,09
190157.000,4005.1610,10513.9796,1640.3,-20.7,09
190158.000,4005.1610,10513.9796,1640.3,-20.7,09
190159.000,4005.1611,10513.9797,1640.0,-20.7,09
190200.000,4005.1612,10513.9797,1639.7,-20.7,09
190201.000,4005.1613,10513.9797,1639.5,-20.7,09
190202.000,4005.1613,10513.9797,1639.2,-20.7,09
190203.000,4005.1614,10513.9797,1638.9,-20.7,09
190204.000,4005.1614,10513.9797,1638.7,-20.7,09
190205.000,4005.1615,10513.9796,1638.5,-20.7,09
190206.000,4005.1615,10513.9796,1638.4,-20.7,09
190207.000,4005.1616,10513.9796,1638.3,-20.7,09
190208.000,4005.1616,10513.9796,1638.1,-20.7,09
190209.000,4005.1617,10513.9796,1637.8,-20.7,09
190210.000,4005.1618,10513.9797,1637.6,-20.7,09
190211.000,4005.1618,10513.9797,1637.4,-20.7,09
190212.000,4005.1619,10513.9797,1637.2,-20.7,09
190213.000,4005.1619,10513.9797,1637.0,-20.7,09
190214.000,4005.1620,10513.9798,1636.8,-20.7,09
190215.000,4005.1620,10513.9798,1636.6,-20.7,09
190216.000,4005.1620,10513.9798,1636.6,-20.7,09
190217.000,4005.1620,10513.9798,1636.6,-20.7,09
190218.000,4005.1621,10513.9798,1636.6,-20.7,09
190219.000,4005.1621,10513.9798,1636.6,-20.7,09
190220.000,4005.1621,10513.9798,1636.5,-20.7,09
190221.000,4005.1621,10513.9798,1636.5,-20.7,09
190222.000,4005.1621,10513.9798,1636.5,-20.7,09
190223.000,4005.1621,10513.9798,1636.5,-20.7,09
190224.000,4005.1621,10513.9798,1636.5,-20.7,09
190225.000,4005.1621,10513.9798,1636.5,-20.7,09
190226.000,4005.1621,10513.9798,1636.4,-20.7,09
190227.000,4005.1621,10513.9798,1636.4,-20.7,09
190228.000,4005.1621,10513.9798,1636.4,-20.7,09
190229.000,4005.1621,10513.9798,1636.4,-20.7,09
190230.000,4005.1621,10513.9798,1636.4,-20.7,09
190231.000,4005.1621,10513.9798,1636.4,-20.7,09
190232.000,4005.1621,10513.9798,1636.4,-20.7,09
190233.000,4005.1621,10513.9798,1636.3,-20.7,09
190234.000,4005.1621,10513.9798,1636.3,-20.7,09
190235.000,4005.1620,10513.9798,1636.1,-20.7,09
190236.000,4005.1620,10513.9797,1636.0,-20.7,09
190237.000,4005.1620,10513.9797,1635.9,-20.7,09
190238.000,4005.1620,10513.9797,1636.0,-20.7,09
190239.000,4005.1620,10513.9797,1636.1,-20.7,09
190240.000,4005.1620,10513.9796,1636.2,-20.7,09
190241.000,4005.1620,10513.9796,1636.2,-20.7,09
190242.000,4005.1620,10513.9796,1636.3,-20.7,09
190243.000,4005.1620,10513.9796,1636.1,-20.7,09
190244.000,4005.1620,10513.9796,1636.0,-20.7,09
190245.000,4005.1619,10513.9796,1635.9,-20.7,09
190246.000,4005.1619,10513.9796,1635.9,-20.7,09
190247.000,4005.1619,10513.9796,1635.9,-20.7,09
190248.000,4005.1618,10513.9796,1635.9,-20.7,09
190249.000,4005.1618,10513.9796,1635.9,-20.7,09
190250.000,4005.1618,10513.9796,1635.8,-20.7,09
190251.000,4005.1618,10513.9795,1635.6,-20.7,09
190252.000,4005.1618,10513.9795,1635.5,-20.7,09
190253.000,4005.1618,10513.9795,1635.5,-20.7,09
190254.000,4005.1619,10513.9795,1635.5,-20.7,09
190255.000,4005.1618,10513.9795,1635.4,-20.7,09
190256.000,4005.1618,10513.9795,1635.3,-20.7,09
190257.000,4005.1618,10513.9795,1635.2,-20.7,09
190258.000,4005.1618,10513.9795,1635.1,-20.7,09
190259.000,4005.1618,10513.9795,1635.1,-20.7,09
190300.000,4005.1618,10513.9794,1635.1,-20.7,09
190301.000,4005.1618,10513.9794,1635.0,-20.7,09
190302.000,4005.1619,10513.9794,1634.5,-20.7,09
190303.000,4005.1619,10513.9795,1634.2,-20.7,09
190304.000,4005.1618,10513.9794,1633.7,-20.7,09
190305.000,4005.1616,10513.9794,1633.1,-20.7,09
190306.000,4005.1615,10513.9794,1632.4,-20.7,09
190307.000,4005.1616,10513.9795,1631.9,-20.7,09
190308.000,4005.1617,10513.9795,1631.3,-20.7,09
190309.000,4005.1619,10513.9797,1630.7,-20.7,09
190310.000,4005.1619,10513.9796,1630.6,-20.7,09
190311.000,4005.1619,10513.9797,1630.6,-20.7,09
190312.000,4005.1619,10513.9797,1630.6,-20.7,09
190313.000,4005.1619,10513.9797,1630.6,-20.7,09
190314.000,4005.1619,10513.9797,1630.7,-20.7,09
190315.000,4005.1619,10513.9796,1630.7,-20.7,09
190316.000,4005.1619,10513.9796,1630.7,-20.7,09
190317.000,4005.1619,10513.9796,1630.6,-20.7,09
190318.000,4005.1619,10513.9796,1630.6,-20.7,09
190319.000,4005.1619,10513.9797,1630.6,-20.7,09
190320.000,4005.1626,10513.9801,1630.4,-20.7,09
190321.000,4005.1633,10513.9806,1630.1,-20.7,09
190322.000,4005.1637,10513.9808,1629.7,-20.7,09
190323.000,4005.1638,10513.9808,1629.4,-20.7,09
190324.000,4005.1638,10513.9808,1629.0,-20.7,09
190325.000,4005.1639,10513.9809,1628.7,-20.7,09
190326.000,4005.1639,10513.9809,1628.5,-20.7,09
190327.000,4005.1639,10513.9809,1628.4,-20.7,09
190328.000,4005.1639,10513.9808,1628.3,-20.7,09
190329.000,4005.1639,10513.9808,1628.1,-20.7,09
190330.000,4005.1639,10513.9808,1628.1,-20.7,09
190331.000,4005.1639,10513.9808,1627.9,-20.7,09
190332.000,4005.1640,10513.9808,1627.9,-20.7,09
190333.000,4005.1640,10513.9808,1627.8,-20.7,09
190334.000,4005.1640,10513.9809,1627.8,-20.7,09
190335.000,4005.1640,10513.9809,1627.8,-20.7,09
190336.000,4005.1641,10513.9809,1627.8,-20.7,09
190337.000,4005.1641,10513.9809,1627.8,-20.7,09
190338.000,4005.1641,10513.9809,1627.8,-20.7,09
190339.000,4005.1641,10513.9809,1627.8,-20.7,09
190340.000,4005.1641,10513.9809,1627.8,-20.7,09
190341.000,4005.1641,10513.9809,1627.8,-20.7,09
190342.000,4005.1641,10513.9809,1627.8,-20.7,09
190343.000,4005.1641,10513.9808,1627.8,-20.7,09
190344.000,4005.1641,10513.9809,1627.8,-20.7,09
190345.000,4005.1641,10513.9809,1627.8,-20.7,09
190346.000,4005.1640,10513.9809,1627.8,-20.7,09
190347.000,4005.1640,10513.9809,1627.8,-20.7,09
190348.000,4005.1640,10513.9809,1627.8,-20.7,09
190349.000,4005.1640,10513.9809,1627.8,-20.7,09
190350.000,4005.1640,10513.9809,1627.8,-20.7,09
190351.000,4005.1640,10513.9809,1627.8,-20.7,09
190352.000,4005.1640,10513.9809,1627.8,-20.7,09
190353.000,4005.1640,10513.9809,1627.8,-20.7,09
190354.000,4005.1641,10513.9809,1627.8,-20.7,09
190355.000,4005.1641,10513.9809,1627.8,-20.7,09
190356.000,4005.1641,10513.9809,1627.8,-20.7,09
190357.000,4005.1641,10513.9809,1627.8,-20.7,09
190358.000,4005.1641,10513.9809,1627.8,-20.7,09
190359.000,4005.1641,10513.9810,1627.8,-20.7,09
190400.000,4005.1641,10513.9809,1627.8,-20.7,09
190401.000,4005.1641,10513.9809,1627.7,-20.7,09
190402.000,4005.1641,10513.9809,1627.7,-20.7,09
190403.000,4005.1641,10513.9810,1627.7,-20.7,09
190404.000,4005.1641,10513.9810,1627.7,-20.7,09
190405.000,4005.1641,10513.9810,1627.7,-20.7,09
190406.000,4005.1641,10513.9810,1627.7,-20.7,09
190407.000,4005.1643,10513.9811,1627.5,-20.7,09
190408.000,4005.1643,10513.9812,1627.2,-20.7,09
190409.000,4005.1644,10513.9813,1626.9,-20.7,09
190410.000,4005.1644,10513.9814,1626.6,-20.7,09
190411.000,4005.1644,10513.9815,1626.2,-20.7,09
190412.000,4005.1644,10513.9815,1625.9,-20.7,09
190413.000,4005.1644,10513.9815,1625.5,-20.7,09
190414.000,4005.1643,10513.9815,1625.2,-20.7,09
190415.000,4005.1643,10513.9815,1625.1,-20.7,09
190416.000,4005.1643,10513.9814,1625.0,-20.7,09
190417.000,4005.1643,10513.9814,1625.0,-20.7,09
190418.000,4005.1643,10513.9814,1624.8,-20.7,09
190419.000,4005.1643,10513.9813,1624.7,-20.7,09
190420.000,4005.1643,10513.9813,1624.6,-20.7,09
190421.000,4005.1643,10513.9813,1624.5,-20.7,09
190422.000,4005.1642,10513.9813,1624.3,-20.7,09
190423.000,4005.1642,10513.9813,1624.2,-20.7,09
190424.000,4005.1642,10513.9813,1624.1,-20.7,09
190425.000,4005.1642,10513.9813,1623.8,-20.7,09
190426.000,4005.1641,10513.9813,1623.6,-20.7,09
190427.000,4005.1641,10513.9812,1623.6,-20.7,09
190428.000,4005.1641,10513.9812,1623.5,-20.7,09
190429.000,4005.1641,10513.9812,1623.4,-20.7,09
190430.000,4005.1641,10513.9811,1623.3,-20.7,09
190431.000,4005.1641,10513.9811,1623.4,-20.7,09
190432.000,4005.1641,10513.9812,1623.4,-20.7,09
190433.000,4005.1641,10513.9812,1623.4,-20.7,09
190434.000,4005.1641,10513.9812,1623.4,-20.7,09
190435.000,4005.1641,10513.9812,1623.4,-20.7,09
190436.000,4005.1641,10513.9812,1623.4,-20.7,09
190437.000,4005.1641,10513.9812,1623.4,-20.7,09
190438.000,4005.1641,10513.9812,1623.4,-20.7,09
190439.000,4005.1641,10513.9812,1623.4,-20.7,09
190440.000,4005.1641,10513.9812,1623.4,-20.7,09
190441.000,4005.1641,10513.9811,1623.4,-20.7,09
190442.000,4005.1641,10513.9811,1623.4,-20.7,09
190443.000,4005.1641,10513.9811,1623.4,-20.7,09
190444.000,4005.1641,10513.9811,1623.4,-20.7,09
190445.000,4005.1641,10513.9811,1623.4,-20.7,09
190446.000,4005.1641,10513.9811,1623.4,-20.7,09
190447.000,4005.1641,10513.9811,1623.4,-20.7,09
190448.000,4005.1641,10513.9812,1623.4,-20.7,09
190449.000,4005.1641,10513.9811,1623.4,-20.7,09
190450.000,4005.1641,10513.9811,1623.4,-20.7,09
190451.000,4005.1641,10513.9811,1623.4,-20.7,09
190452.000,4005.1641,10513.9811,1623.4,-20.7,09
190453.000,4005.1641,10513.9811,1623.4,-20.7,09
190454.000,4005.1641,10513.9811,1623.4,-20.7,09
190455.000,4005.1641,10513.9811,1623.4,-20.7,09
190456.000,4005.1641,10513.9811,1623.4,-20.7,09
190457.000,4005.1641,10513.9811,1623.4,-20.7,09
190458.000,4005.1641,10513.9812,1623.4,-20.7,09
190459.000,4005.1641,10513.9812,1623.4,-20.7,09
190500.000,4005.1641,10513.9812,1623.3,-20.7,09
190501.000,4005.1641,10513.9812,1623.3,-20.7,09
190502.000,4005.1641,10513.9812,1623.3,-20.7,09
190503.000,4005.1641,10513.9812,1623.3,-20.7,09
190504.000,4005.1639,10513.9812,1622.9,-20.7,09
190505.000,4005.1639,10513.9811,1622.5,-20.7,09
190506.000,4005.1641,10513.9803,1621.7,-20.7,09
190507.000,4005.1647,10513.9787,1621.5,-20.7,09
190508.000,4005.1656,10513.9764,1621.2,-20.7,09
190509.000,4005.1666,10513.9739,1621.0,-20.7,09
190510.000,4005.1677,10513.9713,1620.8,-20.7,09
190511.000,4005.1687,10513.9688,1620.7,-20.7,09
190512.000,4005.1695,10513.9667,1620.5,-20.7,09
190513.000,4005.1699,10513.9654,1620.3,-20.7,09
190514.000,4005.1701,10513.9648,1620.2,-20.7,09
190515.000,4005.1701,10513.9646,1619.9,-20.7,09
190516.000,4005.1701,10513.9646,1619.7,-20.7,09
190517.000,4005.1701,10513.9647,1619.5,-20.7,09
190518.000,4005.1700,10513.9647,1619.4,-20.7,09
190519.000,4005.1700,10513.9648,1619.2,-20.7,09
190520.000,4005.1700,10513.9649,1619.1,-20.7,09
190521.000,4005.1700,10513.9649,1619.0,-20.7,09
190522.000,4005.1700,10513.9649,1618.9,-20.7,09
190523.000,4005.1699,10513.9649,1618.8,-20.7,09
190524.000,4005.1699,10513.9649,1618.7,-20.7,09
190525.000,4005.1699,10513.9649,1618.7,-20.7,09
190526.000,4005.1699,10513.9649,1618.6,-20.7,09
190527.000,4005.1699,10513.9648,1618.5,-20.7,09
190528.000,4005.1699,10513.9648,1618.4,-20.7,09
190529.000,4005.1699,10513.9648,1618.3,-20.7,09
190530.000,4005.1699,10513.9648,1618.2,-20.7,09
190531.000,4005.1698,10513.9648,1618.1,-20.7,09
190532.000,4005.1699,10513.9648,1618.1,-20.7,09
190533.000,4005.1699,10513.9647,1618.1,-20.7,09
190534.000,4005.1699,10513.9647,1618.1,-20.7,09
190535.000,4005.1699,10513.9647,1618.1,-20.7,09
190536.000,4005.1700,10513.9647,1618.2,-20.7,09
190537.000,4005.1700,10513.9647,1618.2,-20.7,09
190538.000,4005.1700,10513.9647,1618.1,-20.7,09
190539.000,4005.1699,10513.9647,1618.1,-20.7,09
190540.000,4005.1699,10513.9647,1618.1,-20.7,09
190541.000,4005.1699,10513.9647,1618.1,-20.7,09
190542.000,4005.1699,10513.9646,1618.1,-20.7,09
190543.000,4005.1699,10513.9647,1618.1,-20.7,09
190544.000,4005.1699,10513.9647,1618.1,-20.7,09
190545.000,4005.1699,10513.9647,1618.1,-20.7,09
190546.000,4005.1699,10513.9646,1618.1,-20.7,09
190547.000,4005.1699,10513.9646,1618.1,-20.7,09
190548.000,4005.1699,10513.9646,1618.1,-20.7,09
190549.000,4005.1698,10513.9646,1618.1,-20.7,09
190550.000,4005.1698,10513.9646,1618.1,-20.7,09
190551.000,4005.1698,10513.9646,1618.1,-20.7,09
190552.000,4005.1691,10513.9641,1618.0,-20.7,09
190553.000,4005.1678,10513.9633,1617.9,-20.7,09
190554.000,4005.1661,10513.9622,1617.8,-20.7,09
190555.000,4005.1647,10513.9610,1617.7,-20.7,09
190556.000,4005.1636,10513.9602,1617.5,-20.7,09
190557.000,4005.1627,10513.9597,1617.4,-20.7,09
190558.000,4005.1619,10513.9593,1617.2,-20.7,09
190559.000,4005.1612,10513.9594,1617.1,-20.7,09
190600.000,4005.1605,10513.9601,1616.9,-20.7,09
190601.000,4005.1599,10513.9613,1616.7,-20.7,09
190602.000,4005.1595,10513.9625,1616.5,-20.7,09
190603.000,4005.1592,10513.9635,1616.3,-20.7,09
190604.000,4005.1591,10513.9641,1616.0,-20.7,09
190605.000,4005.1592,10513.9643,1615.6,-20.7,09
190606.000,4005.1595,10513.9646,1615.1,-20.7,09
190607.000,4005.1598,10513.9648,1614.5,-20.7,09
190608.000,4005.1600,10513.9649,1614.0,-20.7,09
190609.000,4005.1603,10513.9651,1613.4,-20.7,09
190610.000,4005.1606,10513.9654,1613.2,-20.7,09
190611.000,4005.1607,10513.9656,1612.6,-20.7,09
190612.000,4005.1608,10513.9657,1612.0,-20.7,09
190613.000,4005.1609,10513.9658,1611.2,-20.7,09
190614.000,4005.1609,10513.9659,1610.7,-20.7,09
190615.000,4005.1610,10513.9659,1610.7,-20.7,09
190616.000,4005.1608,10513.9658,1610.6,-20.7,09
190617.000,4005.1604,10513.9655,1610.3,-20.7,09
190618.000,4005.1599,10513.9652,1610.1,-20.7,09
190619.000,4005.1595,10513.9651,1609.8,-20.7,09
190620.000,4005.1590,10513.9661,1609.5,-20.7,09
190621.000,4005.1586,10513.9670,1609.2,-20.7,09
190622.000,4005.1583,10513.9676,1608.9,-20.7,09
190623.000,4005.1583,10513.9677,1608.7,-20.7,09
190624.000,4005.1583,10513.9678,1608.5,-20.7,09
190625.000,4005.1583,10513.9678,1608.2,-20.7,09
190626.000,4005.1584,10513.9678,1607.9,-20.7,09
190627.000,4005.1585,10513.9679,1607.7,-20.7,09
190628.000,4005.1585,10513.9678,1607.5,-20.7,09
190629.000,4005.1586,10513.9680,1607.1,-20.7,09
190630.000,4005.1584,10513.9682,1606.9,-20.7,09
190631.000,4005.1583,10513.9685,1606.7,-20.7,09
190632.000,4005.1582,10513.9687,1606.5,-20.7,09
190633.000,4005.1582,10513.9688,1606.3,-20.7,09
190634.000,4005.1582,10513.9687,1606.1,-20.7,09
190635.000,4005.1582,10513.9687,1605.9,-20.7,09
190636.000,4005.1582,10513.9686,1605.6,-20.7,09
190637.000,4005.1582,10513.9686,1605.4,-20.7,09
190638.000,4005.1582,10513.9686,1605.2,-20.7,09
190639.000,4005.1582,10513.9686,1605.0,-20.7,09
190640.000,4005.1583,10513.9686,1604.8,-20.7,09
190641.000,4005.1582,10513.9685,1604.6,-20.7,09
190642.000,4005.1582,10513.9685,1604.4,-20.7,09
190643.000,4005.1582,10513.9684,1604.3,-20.7,09
190644.000,4005.1581,10513.9684,1604.1,-20.7,09
190645.000,4005.1581,10513.9683,1604.0,-20.7,09
190646.000,4005.1581,10513.9683,1603.9,-20.7,09
190647.000,4005.1581,10513.9683,1603.7,-20.7,09
190648.000,4005.1581,10513.9683,1603.6,-20.7,09
190649.000,4005.1581,10513.9682,1603.6,-20.7,09
190650.000,4005.1580,10513.9682,1603.6,-20.7,09
190651.000,4005.1580,10513.9682,1603.6,-20.7,09
190652.000,4005.1580,10513.9682,1603.5,-20.7,09
190653.000,4005.1580,10513.9682,1603.5,-20.7,09
190654.000,4005.1580,10513.9682,1603.5,-20.7,09
190655.000,4005.1580,10513.9682,1603.5,-20.7,09
190656.000,4005.1580,10513.9682,1603.5,-20.7,09
190657.000,4005.1580,10513.9682,1603.5,-20.7,09
190658.000,4005.1581,10513.9682,1603.5,-20.7,09
190659.000,4005.1581,10513.9682,1603.5,-20.7,09
190700.000,4005.1581,10513.9682,1603.5,-20.7,09
190701.000,4005.1580,10513.9682,1603.5,-20.7,09
190702.000,4005.1580,10513.9682,1603.3,-20.7,09
190703.000,4005.1579,10513.9682,1603.1,-20.7,09
190704.000,4005.1579,10513.9682,1602.9,-20.7,09
190705.000,4005.1579,10513.9681,1602.7,-20.7,09
190706.000,4005.1579,10513.9680,1602.5,-20.7,09
190707.000,4005.1579,10513.9680,1602.3,-20.7,09
190708.000,4005.1579,10513.9679,1602.1,-20.7,09
190709.000,4005.1579,10513.9679,1601.9,-20.7,09
190710.000,4005.1579,10513.9679,1601.8,-20.7,09
190711.000,4005.1579,10513.9679,1601.3,-20.7,09
190712.000,4005.1578,10513.9679,1600.9,-20.7,09
190713.000,4005.1578,10513.9678,1600.4,-20.7,09
190714.000,4005.1577,10513.9677,1600.0,-20.7,09
190715.000,4005.1576,10513.9677,1599.6,-20.7,09
190716.000,4005.1576,10513.9677,1599.3,-20.7,09
190717.000,4005.1575,10513.9676,1598.9,-20.7,09
190718.000,4005.1574,10513.9676,1598.5,-20.7,09
190719.000,4005.1575,10513.9676,1598.5,-20.7,09
190720.000,4005.1575,10513.9676,1598.5,-20.7,09
190721.000,4005.1575,10513.9676,1598.5,-20.7,09
190722.000,4005.1575,10513.9676,1598.5,-20.7,09
190723.000,4005.1575,10513.9676,1598.5,-20.7,09
190724.000,4005.1575,10513.9676,1598.5,-20.7,09
190725.000,4005.1575,10513.9676,1598.5,-20.7,09
190726.000,4005.1575,10513.9676,1598.4,-20.7,09
190727.000,4005.1575,10513.9676,1598.4,-20.7,09
190728.000,4005.1575,10513.9675,1598.4,-20.7,09
190729.000,4005.1575,10513.9675,1598.4,-20.7,09
190730.000,4005.1575,10513.9675,1598.4,-20.7,09
190731.000,4005.1574,10513.9675,1598.4,-20.7,09
190732.000,4005.1574,10513.9675,1598.3,-20.7,09
190733.000,4005.1574,10513.9675,1598.3,-20.7,09
190734.000,4005.1574,10513.9675,1598.4,-20.7,09
190735.000,4005.1574,10513.9675,1598.4,-20.7,09
190736.000,4005.1574,10513.9675,1598.4,-20.7,09
190737.000,4005.1575,10513.9675,1598.4,-20.7,09
190738.000,4005.1575,10513.9675,1598.4,-20.7,09
190739.000,4005.1575,10513.9675,1598.3,-20.7,09
190740.000,4005.1575,10513.9675,1598.3,-20.7,09
190741.000,4005.1575,10513.9675,1598.3,-20.7,09
190742.000,4005.1574,10513.9675,1598.3,-20.7,09
190743.000,4005.1574,10513.9675,1598.3,-20.7,09
190744.000,4005.1574,10513.9675,1598.3,-20.7,09
190745.000,4005.1574,10513.9675,1598.3,-20.7,09
190746.000,4005.1574,10513.9675,1598.3,-20.7,09
190747.000,4005.1574,10513.9675,1598.3,-20.7,09
190748.000,4005.1574,10513.9675,1598.3,-20.7,09
190749.000,4005.1574,10513.9675,1598.3,-20.7,09
190750.000,4005.1574,10513.9675,1598.3,-20.7,09
190751.000,4005.1574,10513.9675,1598.3,-20.7,09
190752.000,4005.1574,10513.9675,1598.3,-20.7,09
190753.000,4005.1574,10513.9675,1598.3,-20.7,09
190754.000,4005.1574,10513.9675,1598.3,-20.7,09
190755.000,4005.1574,10513.9675,1598.3,-20.7,09
190756.000,4005.1574,10513.9675,1598.3,-20.7,09
190757.000,4005.1574,10513.9675,1598.2,-20.7,09
190758.000,4005.1574,10513.9675,1598.2,-20.7,09
190759.000,4005.1574,10513.9675,1598.2,-20.7,09
190800.000,4005.1575,10513.9675,1598.2,-20.7,09
190801.000,4005.1575,10513.9675,1598.2,-20.7,09
190802.000,4005.1575,10513.9675,1598.2,-20.7,09
190803.000,4005.1575,10513.9675,1598.2,-20.7,09
190804.000,4005.1575,10513.9675,1598.2,-20.7,09
190805.000,4005.1575,10513.9675,1598.2,-20.7,09
190806.000,4005.1575,10513.9675,1598.2,-20.7,09
190807.000,4005.1575,10513.9675,1598.2,-20.7,09
190808.000,4005.1575,10513.9675,1598.2,-20.7,09
190809.000,4005.1575,10513.9675,1598.2,-20.7,09
190810.000,4005.1575,10513.9675,1598.2,-20.7,09
190811.000,4005.1575,10513.9675,1598.2,-20.7,09
190812.000,4005.1575,10513.9676,1598.1,-20.7,09
190813.000,4005.1575,10513.9676,1598.1,-20.7,09
190814.000,4005.1575,10513.9676,1598.1,-20.7,09
190815.000,4005.1575,10513.9676,1598.1,-20.7,09
190816.000,4005.1575,10513.9676,1598.1,-20.7,09
190817.000,4005.1575,10513.9676,1598.1,-20.7,09
190818.000,4005.1575,10513.9676,1598.1,-20.7,09
190819.000,4005.1575,10513.9676,1598.1,-20.7,09
190820.000,4005.1575,10513.9676,1598.1,-20.7,09
190821.000,4005.1575,10513.9676,1598.1,-20.7,09
190822.000,4005.1575,10513.9676,1598.1,-20.7,08
190823.000,4005.1575,10513.9676,1598.1,-20.7,09
190824.000,4005.1575,10513.9676,1598.1,-20.7,09
190825.000,4005.1575,10513.9676,1598.0,-20.7,09
190826.000,4005.1575,10513.9676,1598.0,-20.7,09
190827.000,4005.1575,10513.9676,1598.0,-20.7,0