230233.000,3.79736588641,0.00747464217048,3.32860158086,
230353.000,3.7846154973,0.871201001007,3.32841407514,
230405.000,3.79455330058,0.00762464674825,3.32841407514,
230407.000,3.7947408063,0.00702462843715,3.32841407514,
230408.000,3.7947408063,0.00747464217048,3.32841407514,
230410.000,3.7947408063,0.00687462385937,3.32822656941,
230412.000,3.79455330058,0.00777465132603,3.32841407514,
230413.000,3.7947408063,0.0073246375927,3.32841407514,
230415.000,3.7947408063,0.0073246375927,3.32841407514,
230417.000,3.7947408063,0.00807466048158,3.32841407514,
230418.000,3.7947408063,0.00762464674825,3.32841407514,
230420.000,3.7947408063,0.00777465132603,3.32822656941,
230422.000,3.79455330058,0.0073246375927,3.32822656941,
230423.000,3.7947408063,0.00777465132603,3.32822656941,
230425.000,3.79455330058,0.00822466505936,3.32841407514,
230427.000,3.7947408063,0.00822466505936,3.32841407514,
230428.000,3.79455330058,0.00762464674825,3.32822656941,
230430.000,3.7947408063,0.00807466048158,3.32822656941,
230432.000,3.79455330058,0.00777465132603,3.32841407514,
230433.000,3.79436579485,0.00792465590381,3.32822656941,
230435.000,3.79455330058,0.00747464217048,3.32822656941,
230437.000,3.79455330058,0.00762464674825,3.32822656941,
230438.000,3.79436579485,0.00672461928159,3.32822656941,
230440.000,3.79436579485,0.00717463301492,3.32822656941,
230442.000,3.79436579485,0.00672461928159,3.32841407514,
230443.000,3.79436579485,0.00717463301492,3.32822656941,
230445.000,3.79436579485,0.00702462843715,3.32822656941,
230447.000,3.79436579485,0.00702462843715,3.32822656941,
230448.000,3.79417828913,0.00747464217048,3.32822656941,
230450.000,3.79417828913,0.00432454603717,3.32822656941,
230452.000,3.79417828913,0.000124417859432,3.32822656941,
230453.000,3.79417828913,0.00207447737053,3.32822656941,
230455.000,3.79417828913,0.00132445448164,3.32822656941,
230457.000,3.79417828913,0.00207447737053,3.32822656941,
230458.000,3.79417828913,0.000274422437208,3.32822656941,
230500.000,3.79417828913,0.000574431592761,3.32803906369,
230502.000,3.79417828913,0.000124417859432,3.32822656941,
230503.000,3.79399078341,0.00267449568163,3.32822656941,
230505.000,3.79399078341,0.00177446821497,3.32822656941,
230507.000,3.79399078341,0.00207447737053,3.32822656941,
230508.000,3.79399078341,0.00462455519272,3.32803906369,
230510.000,3.79399078341,0.00102444532609,3.32822656941,
230512.000,3.79399078341,0.00102444532609,3.32803906369,
230513.000,3.79399078341,0.00807466048158,3.32803906369,
230515.000,3.79380327769,0.011824774926,3.32803906369,
230517.000,3.79380327769,0.0316253791925,3.32785155797,
230518.000,3.79380327769,0.0476758690146,3.32803906369,
230520.000,3.79380327769,0.0913272011475,3.32803906369,
230522.000,3.79380327769,0.165579467147,3.32803906369,
230523.000,3.79380327769,0.227231348613,3.32803906369,
230525.000,3.79361577197,0.255282204657,3.32803906369,
230527.000,3.79361577197,0.298633527635,3.32803906369,
230528.000,3.79361577197,0.329384466079,3.32803906369,
230530.000,3.79361577197,0.357885335856,3.32803906369,
230532.000,3.79361577197,0.3967365215,3.32803906369,
230533.000,3.79342826624,0.421787285989,3.32803906369,
230535.000,3.79361577197,0.429887533189,3.32803906369,
230537.000,3.79342826624,0.409336906034,3.32803906369,
230538.000,3.79342826624,0.388036255989,3.32803906369,
230540.000,3.79342826624,0.344684933012,3.32803906369,
230542.000,3.79342826624,0.271332694479,3.32803906369,
230543.000,3.79342826624,0.219281105991,3.32803906369,
230545.000,3.79342826624,0.174879750969,3.32803906369,
230547.000,3.79342826624,0.161829352702,3.32803906369,
230548.000,3.79324076052,0.192280281991,3.32803906369,
230550.000,3.79342826624,0.260832374035,3.32803906369,
230552.000,3.79324076052,0.350835120701,3.32803906369,
230553.000,3.79324076052,0.430337546922,3.32803906369,
230555.000,3.79324076052,0.420887258522,3.32785155797,
230557.000,3.79324076052,0.347685024567,3.32803906369,
230558.000,3.7930532548,0.292933353679,3.32803906369,
230600.000,3.79324076052,0.241481783502,3.32803906369,
230602.000,3.79324076052,0.195430378124,3.32785155797,
230603.000,3.7930532548,0.170379613636,3.32785155797,
230605.000,3.7930532548,0.163929416791,3.32785155797,
230607.000,3.7930532548,0.171879659413,3.32785155797,
230608.000,3.7930532548,0.209830817591,3.32785155797,
230610.000,3.7930532548,0.25978234199,3.32785155797,
230612.000,3.7930532548,0.308833838923,3.32785155797,
230613.000,3.7930532548,0.311533921323,3.32803906369,
230615.000,3.79286574908,0.319784173101,3.32785155797,
230617.000,3.79286574908,0.310033875546,3.32785155797,
230618.000,3.79286574908,0.30973386639,3.32803906369,
230620.000,3.79286574908,0.309283852657,3.32785155797,
230622.000,3.79286574908,0.299683559679,3.32803906369,
230623.000,3.79286574908,0.310333884701,3.32785155797,
230625.000,3.79286574908,0.306283761101,3.32785155797,
230627.000,3.79286574908,0.316034058657,3.32785155797,
230628.000,3.79286574908,0.306883779412,3.32785155797,
230630.000,3.79286574908,0.30973386639,3.32785155797,
230632.000,3.79267824335,0.309883870968,3.32803906369,
230633.000,3.79267824335,0.307333793146,3.32785155797,
230635.000,3.79267824335,0.305983751946,3.32785155797,
230637.000,3.79267824335,0.300883596301,3.32785155797,
230638.000,3.79249073763,0.314534012879,3.32803906369,
230640.000,3.79249073763,0.301333610034,3.32803906369,
230642.000,3.79249073763,0.296083449812,3.32785155797,
230643.000,3.79249073763,0.303733683279,3.32785155797,
230645.000,3.79249073763,0.297733500168,3.32785155797,
230647.000,3.79249073763,0.30838382519,3.32785155797,
230648.000,3.79249073763,0.304483706168,3.32785155797,
230650.000,3.79230323191,0.308983843501,3.32785155797,
230652.000,3.79230323191,0.303433674123,3.32785155797,
230653.000,3.79211572619,0.301783623768,3.32803906369,
230655.000,3.79230323191,0.308533829768,3.32785155797,
230657.000,3.79230323191,0.307183788568,3.32803906369,
230658.000,3.79230323191,0.308683834346,3.32785155797,
230700.000,3.79230323191,0.30838382519,3.32785155797,
230702.000,3.79230323191,0.311983935057,3.32785155797,
230703.000,3.79211572619,0.318134122745,3.32803906369,
230705.000,3.79211572619,0.314684017457,3.32803906369,
230707.000,3.79211572619,0.312733957945,3.32803906369,
230708.000,3.79211572619,0.307783806879,3.32785155797,
230710.000,3.79211572619,0.307333793146,3.32803906369,
230712.000,3.79211572619,0.319634168523,3.32785155797,
230713.000,3.79211572619,0.311833930479,3.32785155797,
230715.000,3.78330295724,1.09890795007,3.32785155797,
230858.000,3.77317764824,1.50857045198,3.32785155797,
230908.000,3.78442799158,0.424787377544,3.32785155797,
230910.000,3.77430268258,1.32571487167,3.32785155797,
231053.000,3.7660524308,1.68287577136,3.32766405225,
231103.000,3.77974034852,0.4493881283,3.32785155797,
231105.000,3.76792748802,1.56842227851,3.32785155797,
231248.000,3.76230231635,1.51562066713,3.32785155797,
231258.000,3.77561522263,0.409636915189,3.32785155797,
231300.000,3.76511490219,1.16881008332,3.32766405225,
231443.000,3.75873970763,1.444968511,3.32785155797,
231453.000,3.77205261391,0.306133756523,3.32785155797,
231455.000,3.75967723624,1.35016561785,3.32785155797,
231638.000,3.75480208747,1.1371591174,3.32785155797,
231648.000,3.76886501663,0.076926761681,3.32803906369,
231650.000,3.75742716758,0.856650556963,3.32803906369,
231833.000,3.75048945585,1.11000828883,3.32803906369,
231843.000,3.76567741935,0.00807466048158,3.32803906369,
231845.000,3.75536460463,0.656244441053,3.32803906369,
232028.000,3.74842689291,0.598042664876,3.32785155797,
232038.000,3.7626773278,0.0103247291482,3.32785155797,
232040.000,3.75198950163,0.530840614032,3.32766405225,
232223.000,3.74373924986,0.705445942564,3.3272890408,
