001340.799,,,,,00
001341.799,,,,,00
001409.799,,,,,00
001411.799,,,,,00
001413.799,,,,,00
001414.799,,,,,00
001415.799,,,,,00
001417.799,,,,,00
001419.799,,,,,00
001420.799,,,,,00
001421.799,,,,,00
001423.799,,,,,00
001424.799,,,,,00
001425.799,,,,,00
001427.799,,,,,00
001429.799,,,,,00
001430.799,,,,,00
001431.799,,,,,00
001433.799,,,,,00
001434.799,,,,,00
001435.799,,,,,00
001437.799,,,,,00
001443.799,,,,,00
001444.799,,,,,00
001447.799,,,,,00
001448.799,,,,,00
001449.799,,,,,00
001450.799,,,,,00
001451.799,,,,,00
001452.799,,,,,00
001453.799,,,,,00
001454.799,,,,,00
001455.799,,,,,00
001456.799,,,,,00
001457.799,,,,,00
001458.799,,,,,00
001459.799,,,,,00
001500.799,,,,,00
001501.799,,,,,00
001502.799,,,,,00
001503.799,,,,,00
001504.799,,,,,00
001505.799,,,,,00
001507.799,,,,,00
001508.799,,,,,00
001509.799,,,,,00
001510.799,,,,,00
001511.799,,,,,00
001512.799,,,,,00
001513.799,,,,,00
001514.799,,,,,00
001515.799,,,,,00
001516.799,,,,,00
001517.799,,,,,00
001518.799,,,,,00
001519.799,,,,,00
001520.799,,,,,00
001521.799,,,,,00
001522.799,,,,,00
001523.799,,,,,00
001524.799,,,,,00
001525.799,,,,,00
001526.799,,,,,00
001528.799,,,,,00
001529.799,,,,,00
001531.799,,,,,00
001556.799,,,,,00
001557.799,,,,,00
001603.799,,,,,00
001604.799,,,,,00
001605.799,,,,,00
001606.799,,,,,00
001607.799,,,,,00
001608.799,,,,,00
001609.799,,,,,00
001610.799,,,,,00
001611.799,,,,,00
001612.799,,,,,00
001613.799,,,,,00
001614.799,,,,,00
001615.799,,,,,00
001616.799,,,,,00
001617.799,,,,,00
001618.799,,,,,00
001619.799,,,,,00
001620.799,,,,,00
001621.799,,,,,00
001624.799,,,,,00
001625.799,,,,,00
001626.799,,,,,00
001627.799,,,,,00
001628.799,,,,,00
001629.799,,,,,00
001630.799,,,,,00
001631.799,,,,,00
001632.799,,,,,00
001633.799,,,,,00
001634.799,,,,,00
001635.799,,,,,00
001636.799,,,,,00
001637.799,,,,,00
001638.799,,,,,00
001639.799,,,,,00
001640.799,,,,,00
001641.799,,,,,00
001642.799,,,,,00
001643.799,,,,,00
001646.799,,,,,00
001647.799,,,,,00
001649.799,,,,,00
001714.799,,,,,00
001715.799,,,,,00
001721.799,,,,,00
001722.799,,,,,00
001723.799,,,,,00
001724.799,,,,,00
001725.799,,,,,00
001726.799,,,,,00
001727.799,,,,,00
001728.799,,,,,00
001729.799,,,,,00
001730.799,,,,,00
001731.799,,,,,00
001732.799,,,,,00
001733.799,,,,,00
001734.799,,,,,00
001735.799,,,,,00
001736.799,,,,,00
001737.799,,,,,00
001738.799,,,,,00
001739.799,,,,,00
001740.799,,,,,00
001744.799,,,,,00
001745.799,,,,,00
001746.799,,,,,00
001747.799,,,,,00
001748.799,,,,,00
001749.799,,,,,00
001750.799,,,,,00
001751.799,,,,,00
001752.799,,,,,00
001753.799,,,,,00
001754.799,,,,,00
001755.799,,,,,00
001756.799,,,,,00
001757.799,,,,,00
001758.799,,,,,00
001759.799,,,,,00
001800.799,,,,,00
001801.799,,,,,00
001802.799,,,,,00
001803.799,,,,,00
001807.799,,,,,00
001808.799,,,,,00
001810.799,,,,,00
001835.799,,,,,00
001836.799,,,,,00
001843.799,,,,,00
001844.799,,,,,00
001845.799,,,,,00
001846.799,,,,,00
001847.799,,,,,00
001848.799,,,,,00
001849.799,,,,,00
001850.799,,,,,00
001851.799,,,,,00
001852.799,,,,,00
001853.799,,,,,00
001854.799,,,,,00
001855.799,,,,,00
001856.799,,,,,00
001857.799,,,,,00
001858.799,,,,,00
001859.799,,,,,00
001900.799,,,,,00
001901.799,,,,,00
001902.799,,,,,00
001907.799,,,,,00
001908.799,,,,,00
001909.799,,,,,00
001910.799,,,,,00
001911.799,,,,,00
001912.799,,,,,00
001913.799,,,,,00
001914.799,,,,,00
001915.799,,,,,00
001916.799,,,,,00
001917.799,,,,,00
001918.799,,,,,00
001919.799,,,,,00
001920.799,,,,,00
001921.799,,,,,00
001922.799,,,,,00
001923.799,,,,,00
001924.799,,,,,00
001925.799,,,,,00
001926.799,,,,,00
001931.799,,,,,00
001932.799,,,,,00
001934.799,,,,,00
001959.799,,,,,00
002000.799,,,,,00
002008.799,,,,,00
002009.799,,,,,00
002010.799,,,,,00
002011.799,,,,,00
002012.799,,,,,00
002013.799,,,,,00
002014.799,,,,,00
002015.799,,,,,00
002016.799,,,,,00
002017.799,,,,,00
002018.799,,,,,00
002019.799,,,,,00
002020.799,,,,,00
002021.799,,,,,00
002022.799,,,,,00
002023.799,,,,,00
002024.799,,,,,00
002025.799,,,,,00
002026.799,,,,,00
002027.799,,,,,00
002033.799,,,,,00
002034.799,,,,,00
002035.799,,,,,00
002036.799,,,,,00
002037.799,,,,,00
002038.799,,,,,00
002039.799,,,,,00
002040.799,,,,,00
002041.799,,,,,00
002042.799,,,,,00
002043.799,,,,,00
002044.799,,,,,00
002045.799,,,,,00
002046.799,,,,,00
002047.799,,,,,00
002048.799,,,,,00
002049.799,,,,,00
002050.799,,,,,00
002051.799,,,,,00
002052.799,,,,,00
002058.799,,,,,00
002059.799,,,,,00
002100.799,,,,,00
002101.799,,,,,00
002126.799,,,,,00
002127.799,,,,,00
002136.799,,,,,00
002137.799,,,,,00
002139.799,,,,,00
002204.799,,,,,00
002205.799,,,,,00
002215.799,,,,,00
002216.799,,,,,00
002218.799,,,,,00
002243.799,,,,,00
002244.799,,,,,00
002255.799,,,,,00
002256.799,,,,,00
002257.799,,,,,00
002258.799,,,,,00
002323.799,,,,,00
002324.799,,,,,00
000044.799,,,,,00
000045.799,,,,,00
000113.799,,,,,00
000115.799,,,,,00
000116.799,,,,,00
000117.799,,,,,00
000119.799,,,,,00
000120.799,,,,,00
000121.799,,,,,00
000123.799,,,,,00
000124.799,,,,,00
000125.799,,,,,00
000127.799,,,,,00
000129.799,,,,,00
000130.799,,,,,00
000131.799,,,,,00
000132.799,,,,,00
000133.799,,,,,00
000135.799,,,,,00
000136.799,,,,,00
000137.799,,,,,00
000139.799,,,,,00
000140.799,,,,,00
000141.799,,,,,00
000147.799,,,,,00
000148.799,,,,,00
000151.800,,,,,00
000152.800,,,,,00
000153.800,,,,,00
000154.800,,,,,00
000155.800,,,,,00
000156.800,,,,,00
000157.800,,,,,00
000158.800,,,,,00
000159.800,,,,,00
000200.800,,,,,00
000201.800,,,,,00
000202.800,,,,,00
000203.800,,,,,00
000204.800,,,,,00
000205.800,,,,,00
000206.800,,,,,00
000207.800,,,,,00
000208.800,,,,,00
000209.800,,,,,00
000211.800,,,,,00
000212.800,,,,,00
000213.800,,,,,00
000214.800,,,,,00
000215.800,,,,,00
000216.800,,,,,00
000217.800,,,,,00
000218.800,,,,,00
000219.800,,,,,00
000220.800,,,,,00
000221.800,,,,,00
000222.800,,,,,00
000223.800,,,,,00
000224.800,,,,,00
000225.800,,,,,00
000226.800,,,,,00
000227.800,,,,,00
000228.800,,,,,00
000229.800,,,,,00
000230.800,,,,,00
000232.800,,,,,00
000233.800,,,,,00
000234.800,,,,,00
000235.800,,,,,00
000300.800,,,,,00
000301.800,,,,,00
000306.800,,,,,00
000307.800,,,,,00
000308.800,,,,,00
000309.800,,,,,00
000310.800,,,,,00
000311.800,,,,,00
000312.800,,,,,00
000313.800,,,,,00
000314.800,,,,,00
000315.800,,,,,00
000316.800,,,,,00
000317.800,,,,,00
000318.800,,,,,00
000319.800,,,,,00
000320.800,,,,,00
000321.800,,,,,00
000322.800,,,,,00
000323.800,,,,,00
000324.800,,,,,00
000325.800,,,,,00
000328.800,,,,,00
000329.800,,,,,00
000330.800,,,,,00
000331.800,,,,,00
000332.800,,,,,00
000333.800,,,,,00
000334.800,,,,,00
000335.800,,,,,00
000336.800,,,,,00
000337.800,,,,,00
000338.800,,,,,00
000339.800,,,,,00
000340.800,,,,,00
000341.800,,,,,00
000342.800,,,,,00
000343.800,,,,,00
000344.800,,,,,00
000345.800,,,,,00
000346.800,,,,,00
000347.800,,,,,00
000350.800,,,,,00
000351.800,,,,,00
000352.800,,,,,00
000353.800,,,,,00
000418.800,,,,,00
000419.800,,,,,00
000425.800,,,,,00
000426.800,,,,,00
000427.800,,,,,00
000428.800,,,,,00
000429.800,,,,,00
000430.800,,,,,00
000431.800,,,,,00
000432.800,,,,,00
000433.800,,,,,00
000434.800,,,,,00
000435.800,,,,,00
000436.800,,,,,00
000437.800,,,,,00
000438.800,,,,,00
000439.800,,,,,00
000440.800,,,,,00
000441.800,,,,,00
000442.800,,,,,00
000443.800,,,,,00
000444.800,,,,,00
000448.800,,,,,00
000449.800,,,,,00
000450.800,,,,,00
000451.800,,,,,00
000452.800,,,,,00
000453.800,,,,,00
000454.800,,,,,00
000455.800,,,,,00
000456.800,,,,,00
000457.800,,,,,00
000458.800,,,,,00
000459.800,,,,,00
000500.800,,,,,00
000501.800,,,,,00
000502.800,,,,,00
000503.800,,,,,00
000504.800,,,,,00
000505.800,,,,,00
000506.800,,,,,00
000507.800,,,,,00
000511.800,,,,,00
000512.800,,,,,00
000513.800,,,,,00
000514.800,,,,,00
000539.800,,,,,00
000540.800,,,,,00
000547.800,,,,,00
000548.800,,,,,00
000549.800,,,,,00
000550.800,,,,,00
000551.800,,,,,00
000552.800,,,,,00
000553.800,,,,,00
000554.800,,,,,00
000555.800,,,,,00
000556.800,,,,,00
000557.800,,,,,00
000558.800,,,,,00
000559.800,,,,,00
000600.800,,,,,00
000601.800,,,,,00
000602.800,,,,,00
000603.800,,,,,00
000604.800,,,,,00
000605.800,,,,,00
000606.800,,,,,00
000611.800,,,,,00
000612.800,,,,,00
000613.800,,,,,00
000614.800,,,,,00
000615.800,,,,,00
000616.800,,,,,00
000617.800,,,,,00
000618.800,,,,,00
000619.800,,,,,00
000620.800,,,,,00
000621.800,,,,,00
000622.800,,,,,00
000623.800,,,,,00
000624.800,,,,,00
000625.800,,,,,00
000626.800,,,,,00
000627.800,,,,,00
000628.800,,,,,00
000629.800,,,,,00
000630.800,,,,,00
000635.800,,,,,00
000636.800,,,,,00
000637.800,,,,,00
000638.800,,,,,00
000703.800,,,,,00
000704.800,,,,,00
000712.800,,,,,00
000713.800,,,,,00
000714.800,,,,,00
000715.800,,,,,00
000716.800,,,,,00
000717.800,,,,,00
000718.800,,,,,00
000719.800,,,,,00
000720.800,,,,,00
000721.800,,,,,00
000722.800,,,,,00
000723.800,,,,,00
000724.800,,,,,00
000725.800,,,,,00
000726.800,,,,,00
000727.800,,,,,00
000728.800,,,,,00
000729.800,,,,,00
000730.800,,,,,00
000731.800,,,,,00
000737.800,,,,,00
000738.800,,,,,00
000739.800,,,,,00
000740.800,,,,,00
000741.800,,,,,00
000742.800,,,,,00
000743.800,,,,,00
000744.800,,,,,00
000745.800,,,,,00
000746.800,,,,,00
000747.800,,,,,00
000748.800,,,,,00
000749.800,,,,,00
000750.800,,,,,00
000751.800,,,,,00
000752.800,,,,,00
000753.800,,,,,00
000754.800,,,,,00
000755.800,,,,,00
000756.800,,,,,00
000802.800,,,,,00
000803.800,,,,,00
000805.800,,,,,00
000830.799,,,,,00
000831.799,,,,,00
000840.799,,,,,00
000841.799,,,,,00
000842.799,,,,,00
000843.799,,,,,00
000908.799,,,,,00
000909.799,,,,,00
000919.799,,,,,00
000920.799,,,,,00
000922.799,,,,,00
000947.799,,,,,00
000948.799,,,,,00
000959.799,,,,,00
001000.799,,,,,00
001002.799,,,,,00
001027.799,,,,,00
001028.799,,,,,00
000050.799,,,,,00
000051.799,,,,,00
000118.799,,,,,00
000119.799,,,,,00
000121.799,,,,,00
000123.799,,,,,00
000124.799,,,,,00
000125.799,,,,,00
000127.799,,,,,00
000129.799,,,,,00
000130.799,,,,,00
000131.799,,,,,00
000133.799,,,,,00
000134.799,,,,,00
000135.799,,,,,00
000137.799,,,,,00
000139.799,,,,,00
000140.799,,,,,00
000141.799,,,,,00
000143.799,,,,,00
000144.799,,,,,00
000145.799,,,,,00
000147.799,,,,,00
000153.800,,,,,00
000154.800,,,,,00
000157.800,,,,,00
000158.800,,,,,00
000159.800,,,,,00
000200.800,,,,,00
000201.800,,,,,00
000202.800,,,,,00
000203.800,,,,,00
000204.800,,,,,00
000205.800,,,,,00
000206.800,,,,,00
000207.800,,,,,00
000208.800,,,,,00
000209.800,,,,,00
000210.800,,,,,00
000211.800,,,,,00
000212.800,,,,,00
000213.800,,,,,00
000214.800,,,,,00
000215.800,,,,,00
000217.800,,,,,00
000218.800,,,,,00
000219.800,,,,,00
000220.800,,,,,00
000221.800,,,,,00
000222.800,,,,,00
000223.800,,,,,00
000224.800,,,,,00
000225.800,,,,,00
000226.800,,,,,00
000227.800,,,,,00
000228.800,,,,,00
000229.800,,,,,00
000230.800,,,,,00
000231.800,,,,,00
000232.800,,,,,00
000233.800,,,,,00
000234.800,,,,,00
000235.800,,,,,00
000236.800,,,,,00
000238.800,,,,,00
000239.800,,,,,00
000241.800,,,,,00
000306.800,,,,,00
000307.800,,,,,00
000313.800,,,,,00
000314.800,,,,,00
000315.800,,,,,00
000316.800,,,,,00
000317.800,,,,,00
000318.800,,,,,00
000319.800,,,,,00
000320.800,,,,,00
000321.800,,,,,00
000322.800,,,,,00
000323.800,,,,,00
000324.800,,,,,00
000325.800,,,,,00
000326.800,,,,,00
000327.800,,,,,00
000328.800,,,,,00
000329.800,,,,,00
000330.800,,,,,00
000331.800,,,,,00
000334.800,,,,,00
000335.800,,,,,00
000336.800,,,,,00
000337.800,,,,,00
000338.800,,,,,00
000339.800,,,,,00
000340.800,,,,,00
000341.800,,,,,00
000342.800,,,,,00
000343.800,,,,,00
000344.800,,,,,00
000345.800,,,,,00
000346.800,,,,,00
000347.800,,,,,00
000348.800,,,,,00
000349.800,,,,,00
000350.800,,,,,00
000351.800,,,,,00
000352.800,,,,,00
000353.800,,,,,00
000356.800,,,,,00
000357.800,,,,,00
000359.800,,,,,00
000424.800,,,,,00
000425.800,,,,,00
000431.800,,,,,00
000432.800,,,,,00
000433.800,,,,,00
000434.800,,,,,00
000435.800,,,,,00
000436.800,,,,,00
000437.800,,,,,00
000438.800,,,,,00
000439.800,,,,,00
000440.800,,,,,00
000441.800,,,,,00
000442.800,,,,,00
000443.800,,,,,00
000444.800,,,,,00
000445.800,,,,,00
000446.800,,,,,00
000447.800,,,,,00
000448.800,,,,,00
000449.800,,,,,00
000450.800,,,,,00
000454.800,,,,,00
000455.800,,,,,00
000456.800,,,,,00
000457.800,,,,,00
000458.800,,,,,00
000459.800,,,,,00
000500.800,,,,,00
000501.800,,,,,00
000502.800,,,,,00
000503.800,,,,,00
000504.800,,,,,00
000505.800,,,,,00
000506.800,,,,,00
000507.800,,,,,00
000508.800,,,,,00
000509.800,,,,,00
000510.800,,,,,00
000511.800,,,,,00
000512.800,,,,,00
000513.800,,,,,00
000517.800,,,,,00
000518.800,,,,,00
000519.800,,,,,00
000520.800,,,,,00
000545.800,,,,,00
000546.800,,,,,00
000553.800,,,,,00
000554.800,,,,,00
000555.800,,,,,00
000556.800,,,,,00
000557.800,,,,,00
000558.800,,,,,00
000559.800,,,,,00
000600.800,,,,,00
000601.800,,,,,00
000602.800,,,,,00
000603.800,,,,,00
000604.800,,,,,00
000605.800,,,,,00
000606.800,,,,,00
000607.800,,,,,00
000608.800,,,,,00
000609.800,,,,,00
000610.800,,,,,00
000611.800,,,,,00
000612.800,,,,,00
000617.800,,,,,00
000618.800,,,,,00
000619.800,,,,,00
000620.800,,,,,00
000621.800,,,,,00
000622.800,,,,,00
000623.800,,,,,00
000624.800,,,,,00
000625.800,,,,,00
000626.800,,,,,00
000627.800,,,,,00
000628.800,,,,,00
000629.800,,,,,00
000630.800,,,,,00
000631.800,,,,,00
000632.800,,,,,00
000633.800,,,,,00
000634.800,,,,,00
000635.800,,,,,00
000636.800,,,,,00
000641.800,,,,,00
000642.800,,,,,00
000644.800,,,,,00
000709.800,,,,,00
000710.800,,,,,00
000718.800,,,,,00
000719.800,,,,,00
000720.800,,,,,00
000721.800,,,,,00
000722.800,,,,,00
000723.800,,,,,00
000724.800,,,,,00
000725.800,,,,,00
000726.800,,,,,00
000727.800,,,,,00
000728.800,,,,,00
000729.800,,,,,00
000730.800,,,,,00
000731.800,,,,,00
000732.800,,,,,00
000733.800,,,,,00
000734.800,,,,,00
000735.800,,,,,00
000736.800,,,,,00
000737.800,,,,,00
000743.800,,,,,00
000744.800,,,,,00
000745.800,,,,,00
000746.800,,,,,00
000747.800,,,,,00
000748.800,,,,,00
000749.800,,,,,00
000750.800,,,,,00
000751.800,,,,,00
000752.800,,,,,00
000753.800,,,,,00
000754.800,,,,,00
000755.800,,,,,00
000756.800,,,,,00
000757.800,,,,,00
000758.800,,,,,00
000759.800,,,,,00
000800.800,,,,,00
000801.800,,,,,00
000802.800,,,,,00
000808.800,,,,,00
000809.800,,,,,00
000811.800,,,,,00
000836.799,,,,,00
000837.799,,,,,00
000846.799,,,,,00
000847.799,,,,,00
000848.799,,,,,00
000849.799,,,,,00
000914.799,,,,,00
000915.799,,,,,00
000925.799,,,,,00
000926.799,,,,,00
000928.799,,,,,00
000953.799,,,,,00
000954.799,,,,,00
001005.799,,,,,00
001006.799,,,,,00
001008.799,,,,,00
001033.799,,,,,00
001034.799,,,,,00
194058.000,4002.2818,10514.5504,1625.0,-20.6,08
194126.000,4002.2818,10514.5491,1625.3,-20.6,08
194132.000,4002.2822,10514.5488,1625.5,-20.6,08
194133.000,4002.2823,10514.5488,1625.5,-20.6,08
194136.000,4002.2825,10514.5487,1625.5,-20.6,08
194137.000,4002.2825,10514.5486,1625.5,-20.6,08
194138.000,4002.2826,10514.5486,1625.5,-20.6,08
194139.000,4002.2826,10514.5486,1625.5,-20.6,08
194140.000,4002.2827,10514.5486,1625.6,-20.6,08
194141.000,4002.2827,10514.5485,1625.5,-20.6,08
194142.000,4002.2828,10514.5485,1625.5,-20.6,08
194143.000,4002.2828,10514.5485,1625.5,-20.6,08
194144.000,4002.2829,10514.5485,1625.5,-20.6,08
194145.000,4002.2829,10514.5485,1625.5,-20.6,08
194146.000,4002.2829,10514.5485,1625.6,-20.6,08
194147.000,4002.2829,10514.5486,1625.6,-20.6,08
194148.000,4002.2830,10514.5486,1625.7,-20.6,08
194149.000,4002.2830,10514.5486,1625.7,-20.6,08
194150.000,4002.2831,10514.5486,1625.8,-20.6,08
194151.000,4002.2832,10514.5486,1625.9,-20.6,08
194153.000,4002.2832,10514.5486,1625.9,-20.6,08
194154.000,4002.2832,10514.5486,1625.9,-20.6,08
194155.000,4002.2832,10514.5486,1625.9,-20.6,08
194156.000,4002.2832,10514.5487,1625.9,-20.6,08
194157.000,4002.2832,10514.5487,1625.8,-20.6,08
194158.000,4002.2832,10514.5488,1625.8,-20.6,08
194159.000,4002.2832,10514.5488,1625.7,-20.6,08
194200.000,4002.2833,10514.5489,1625.7,-20.6,08
194201.000,4002.2834,10514.5490,1625.5,-20.6,08
194202.000,4002.2835,10514.5491,1625.3,-20.6,08
194203.000,4002.2836,10514.5492,1625.1,-20.6,08
194204.000,4002.2837,10514.5493,1624.9,-20.6,08
194205.000,4002.2838,10514.5494,1624.8,-20.6,08
194206.000,4002.2838,10514.5495,1624.6,-20.6,08
194207.000,4002.2838,10514.5496,1624.4,-20.6,08
194208.000,4002.2839,10514.5498,1624.3,-20.6,08
194209.000,4002.2839,10514.5499,1624.2,-20.6,08
194210.000,4002.2839,10514.5500,1624.1,-20.6,08
194212.000,4002.2840,10514.5502,1623.8,-20.6,08
194213.000,4002.2841,10514.5503,1623.6,-20.6,08
194214.000,4002.2841,10514.5504,1623.5,-20.6,08
194215.000,4002.2842,10514.5505,1623.3,-20.6,08
194240.000,4002.2844,10514.5522,1621.1,-20.6,08
194241.000,4002.2844,10514.5522,1621.0,-20.6,08
194246.000,4002.2844,10514.5523,1620.9,-20.6,08
194247.000,4002.2844,10514.5523,1620.8,-20.6,08
194248.000,4002.2845,10514.5522,1620.8,-20.6,08
194249.000,4002.2845,10514.5522,1620.7,-20.6,08
194250.000,4002.2845,10514.5521,1620.7,-20.6,08
194251.000,4002.2846,10514.5521,1620.7,-20.6,08
194252.000,4002.2846,10514.5520,1620.6,-20.6,08
194253.000,4002.2846,10514.5520,1620.6,-20.6,08
194254.000,4002.2847,10514.5519,1620.7,-20.6,08
194255.000,4002.2847,10514.5519,1620.7,-20.6,08
194256.000,4002.2847,10514.5518,1620.7,-20.6,08
194257.000,4002.2848,10514.5518,1620.8,-20.6,08
194258.000,4002.2848,10514.5517,1620.8,-20.6,08
194259.000,4002.2849,10514.5516,1620.8,-20.6,08
194300.000,4002.2850,10514.5515,1620.8,-20.6,08
194301.000,4002.2851,10514.5514,1620.9,-20.6,09
194304.000,4002.2854,10514.5510,1621.0,-20.6,09
194305.000,4002.2855,10514.5509,1621.0,-20.6,09
194306.000,4002.2856,10514.5508,1621.0,-20.6,09
194307.000,4002.2856,10514.5507,1621.0,-20.6,09
194308.000,4002.2857,10514.5506,1621.1,-20.6,09
194309.000,4002.2858,10514.5505,1621.1,-20.6,09
194310.000,4002.2858,10514.5504,1621.1,-20.6,09
194311.000,4002.2859,10514.5504,1621.1,-20.6,09
194312.000,4002.2859,10514.5503,1621.1,-20.6,09
194313.000,4002.2860,10514.5502,1621.1,-20.6,09
194314.000,4002.2860,10514.5502,1621.1,-20.6,09
194315.000,4002.2860,10514.5501,1621.1,-20.6,09
194316.000,4002.2860,10514.5501,1621.1,-20.6,09
194317.000,4002.2860,10514.5501,1621.2,-20.6,09
194318.000,4002.2861,10514.5500,1621.2,-20.6,09
194319.000,4002.2860,10514.5500,1621.2,-20.6,09
194320.000,4002.2860,10514.5500,1621.3,-20.6,09
194323.000,4002.2861,10514.5500,1621.4,-20.6,09
194324.000,4002.2861,10514.5500,1621.5,-20.6,09
194325.000,4002.2861,10514.5501,1621.5,-20.6,09
194326.000,4002.2861,10514.5501,1621.5,-20.6,09
194351.000,4002.2850,10514.5501,1621.1,-20.6,09
194357.000,4002.2849,10514.5500,1620.7,-20.6,09
194358.000,4002.2849,10514.5500,1620.6,-20.6,09
194359.000,4002.2849,10514.5499,1620.6,-20.6,09
194400.000,4002.2849,10514.5499,1620.5,-20.6,09
194401.000,4002.2849,10514.5498,1620.4,-20.6,09
194402.000,4002.2849,10514.5498,1620.3,-20.6,09
194403.000,4002.2849,10514.5498,1620.2,-20.6,09
194404.000,4002.2849,10514.5498,1620.1,-20.6,09
194405.000,4002.2848,10514.5498,1620.1,-20.6,09
194406.000,4002.2848,10514.5498,1620.0,-20.6,09
194407.000,4002.2848,10514.5497,1619.9,-20.6,09
194408.000,4002.2848,10514.5498,1619.9,-20.6,09
194409.000,4002.2848,10514.5497,1619.8,-20.6,09
194410.000,4002.2847,10514.5497,1619.7,-20.6,09
194411.000,4002.2847,10514.5497,1619.6,-20.6,09
194412.000,4002.2847,10514.5496,1619.6,-20.6,09
194413.000,4002.2848,10514.5495,1619.5,-20.6,09
194417.000,4002.2848,10514.5493,1619.2,-20.6,09
194418.000,4002.2848,10514.5493,1619.2,-20.6,09
194419.000,4002.2848,10514.5493,1619.1,-20.6,09
194420.000,4002.2849,10514.5492,1619.0,-20.6,09
194421.000,4002.2849,10514.5492,1618.9,-20.6,09
194422.000,4002.2850,10514.5491,1618.9,-20.6,09
194423.000,4002.2850,10514.5491,1618.8,-20.6,09
194424.000,4002.2851,10514.5490,1618.8,-20.6,09
194425.000,4002.2852,10514.5490,1618.7,-20.6,09
194426.000,4002.2852,10514.5489,1618.7,-20.6,09
194427.000,4002.2853,10514.5488,1618.6,-20.6,09
194428.000,4002.2853,10514.5488,1618.5,-20.6,09
194429.000,4002.2854,10514.5487,1618.5,-20.6,09
194430.000,4002.2854,10514.5486,1618.4,-20.6,09
194431.000,4002.2854,10514.5486,1618.4,-20.6,09
194432.000,4002.2855,10514.5486,1618.4,-20.6,09
194433.000,4002.2855,10514.5486,1618.4,-20.6,09
194437.000,4002.2857,10514.5484,1618.4,-20.6,09
194438.000,4002.2857,10514.5484,1618.4,-20.6,09
194439.000,4002.2858,10514.5484,1618.3,-20.6,09
194440.000,4002.2858,10514.5484,1618.3,-20.6,09
194505.000,4002.2848,10514.5494,1618.3,-20.6,09
194506.000,4002.2848,10514.5495,1618.3,-20.6,09
194513.000,4002.2846,10514.5498,1618.2,-20.6,09
194514.000,4002.2846,10514.5499,1618.1,-20.6,09
194515.000,4002.2845,10514.5499,1618.0,-20.6,09
194516.000,4002.2845,10514.5499,1618.0,-20.6,09
194517.000,4002.2845,10514.5500,1617.9,-20.6,09
194518.000,4002.2845,10514.5500,1617.9,-20.6,09
194519.000,4002.2845,10514.5500,1617.9,-20.6,09
194520.000,4002.2844,10514.5501,1617.9,-20.6,09
194521.000,4002.2844,10514.5501,1617.9,-20.6,09
194522.000,4002.2844,10514.5501,1617.8,-20.6,09
194523.000,4002.2844,10514.5502,1617.8,-20.6,09
194524.000,4002.2844,10514.5502,1617.7,-20.6,09
194525.000,4002.2844,10514.5502,1617.7,-20.6,09
194526.000,4002.2844,10514.5502,1617.7,-20.6,09
194527.000,4002.2844,10514.5502,1617.7,-20.6,09
194528.000,4002.2844,10514.5502,1617.7,-20.6,09
194529.000,4002.2844,10514.5502,1617.7,-20.6,09
194530.000,4002.2844,10514.5502,1617.7,-20.6,09
194535.000,4002.2844,10514.5502,1617.7,-20.6,09
194536.000,4002.2844,10514.5502,1617.7,-20.6,09
194537.000,4002.2844,10514.5502,1617.7,-20.6,09
194538.000,4002.2844,10514.5502,1617.7,-20.6,09
194539.000,4002.2844,10514.5502,1617.7,-20.6,09
194540.000,4002.2844,10514.5502,1617.7,-20.6,09
194541.000,4002.2844,10514.5502,1617.7,-20.6,09
194542.000,4002.2844,10514.5502,1617.7,-20.6,09
194543.000,4002.2844,10514.5502,1617.7,-20.6,09
194544.000,4002.2844,10514.5502,1617.7,-20.6,09
194545.000,4002.2844,10514.5502,1617.7,-20.6,09
194546.000,4002.2844,10514.5502,1617.7,-20.6,09
194547.000,4002.2844,10514.5502,1617.7,-20.6,09
194548.000,4002.2844,10514.5502,1617.7,-20.6,09
194549.000,4002.2844,10514.5502,1617.7,-20.6,09
194550.000,4002.2844,10514.5502,1617.7,-20.6,09
194551.000,4002.2844,10514.5502,1617.7,-20.6,09
194556.000,4002.2844,10514.5502,1617.7,-20.6,09
194557.000,4002.2844,10514.5502,1617.7,-20.6,09
194558.000,4002.2844,10514.5502,1617.7,-20.6,09
194623.000,4002.2844,10514.5502,1617.7,-20.6,09
194624.000,4002.2844,10514.5502,1617.7,-20.6,09
194633.000,4002.2844,10514.5502,1617.7,-20.6,09
194634.000,4002.2844,10514.5502,1617.7,-20.6,09
194635.000,4002.2844,10514.5502,1617.7,-20.6,09
194636.000,4002.2844,10514.5502,1617.7,-20.6,09
194637.000,4002.2844,10514.5502,1617.7,-20.6,09
194638.000,4002.2844,10514.5502,1617.7,-20.6,09
194639.000,4002.2844,10514.5502,1617.7,-20.6,09
194640.000,4002.2844,10514.5502,1617.7,-20.6,09
194641.000,4002.2844,10514.5502,1617.7,-20.6,09
194642.000,4002.2844,10514.5502,1617.7,-20.6,09
194643.000,4002.2844,10514.5502,1617.7,-20.6,09
194644.000,4002.2844,10514.5502,1617.7,-20.6,09
194645.000,4002.2844,10514.5502,1617.7,-20.6,09
194646.000,4002.2844,10514.5502,1617.7,-20.6,09
194647.000,4002.2844,10514.5502,1617.7,-20.6,09
194648.000,4002.2844,10514.5502,1617.7,-20.6,09
194654.000,4002.2844,10514.5502,1617.7,-20.6,09
194655.000,4002.2844,10514.5502,1617.7,-20.6,09
194656.000,4002.2844,10514.5502,1617.7,-20.6,09
194657.000,4002.2844,10514.5502,1617.7,-20.6,09
194658.000,4002.2844,10514.5502,1617.7,-20.6,09
194659.000,4002.2844,10514.5502,1617.7,-20.6,09
194700.000,4002.2844,10514.5502,1617.7,-20.6,09
194701.000,4002.2844,10514.5502,1617.7,-20.6,09
194702.000,4002.2844,10514.5502,1617.7,-20.6,09
194703.000,4002.2844,10514.5502,1617.7,-20.6,09
194704.000,4002.2844,10514.5502,1617.7,-20.6,09
194705.000,4002.2844,10514.5502,1617.7,-20.6,09
194706.000,4002.2844,10514.5502,1617.7,-20.6,09
194707.000,4002.2844,10514.5502,1617.7,-20.6,09
194708.000,4002.2844,10514.5502,1617.7,-20.6,09
194709.000,4002.2844,10514.5502,1617.7,-20.6,09
194710.000,4002.2844,10514.5502,1617.7,-20.6,09
194716.000,4002.2844,10514.5502,1617.7,-20.6,09
194717.000,4002.2844,10514.5502,1617.7,-20.6,09
194718.000,4002.2844,10514.5502,1617.7,-20.6,09
194743.000,4002.2845,10514.5502,1617.7,-20.6,09
194744.000,4002.2845,10514.5502,1617.7,-20.6,09
194753.000,4002.2845,10514.5502,1617.7,-20.6,09
194754.000,4002.2845,10514.5502,1617.7,-20.6,09
194756.000,4002.2845,10514.5502,1617.7,-20.6,09
194821.000,4002.2845,10514.5502,1617.8,-20.6,09
194831.000,4002.2845,10514.5502,1617.8,-20.6,08
194832.000,4002.2845,10514.5502,1617.8,-20.6,08
194833.000,4002.2845,10514.5502,1617.8,-20.6,08
194858.000,4002.2845,10514.5502,1617.7,-20.6,08
194859.000,4002.2845,10514.5502,1617.7,-20.6,08
194910.000,4002.2845,10514.5502,1617.7,-20.6,08
194911.000,4002.2845,10514.5502,1617.7,-20.6,08
194912.000,4002.2845,10514.5502,1617.7,-20.6,08
194937.000,4002.2845,10514.5502,1617.7,-20.6,08
194938.000,4002.2845,10514.5502,1617.7,-20.6,08
