000512.800,,,,,00
000513.800,,,,,00
000549.800,,,,,00
000550.800,,,,,00
000620.800,,,,,00
000621.800,,,,,00
000848.799,,,,,00
000849.799,,,,,00
000905.799,,,,,00
000906.799,,,,,00
000933.799,,,,,00
000934.799,,,,,00
001007.799,,,,,00
001008.799,,,,,00
001115.799,,,,,00
001116.799,,,,,00
234139.315,,,,,00
234140.315,,,,,00
234152.097,,,,,00
234153.097,,,,,00
234154.086,,,,,05
234154.306,4002.2639,10514.5691,1613.9,-20.6,06
234156.000,4002.2638,10514.5691,1613.7,-20.6,06
234157.000,4002.2637,10514.5693,1613.2,-20.6,06
234158.000,4002.2638,10514.5691,1614.0,-20.6,06
234159.000,4002.2638,10514.5689,1614.7,-20.6,06
234200.000,4002.2637,10514.5687,1615.3,-20.6,06
234201.000,4002.2634,10514.5676,1620.3,-20.6,08
234202.000,4002.2631,10514.5670,1622.5,-20.6,08
234203.000,4002.2631,10514.5667,1623.9,-20.6,08
234206.000,4002.2631,10514.5663,1626.0,-20.6,08
234207.000,4002.2631,10514.5663,1626.5,-20.6,08
234208.000,4002.2631,10514.5663,1626.9,-20.6,08
234209.000,4002.2631,10514.5661,1628.1,-20.6,08
234210.000,4002.2631,10514.5660,1628.8,-20.6,08
234211.000,4002.2632,10514.5659,1629.4,-20.6,08
234212.000,4002.2631,10514.5658,1629.8,-20.6,08
234213.000,4002.2631,10514.5657,1630.3,-20.6,08
234214.000,4002.2630,10514.5656,1630.5,-20.6,08
234215.000,4002.2630,10514.5656,1630.5,-20.6,08
234216.000,4002.2630,10514.5656,1630.5,-20.6,08
234217.000,4002.2630,10514.5656,1630.5,-20.6,08
234218.000,4002.2630,10514.5656,1630.5,-20.6,08
234221.000,4002.2630,10514.5656,1630.5,-20.6,08
234222.000,4002.2630,10514.5656,1630.4,-20.6,08
234223.000,4002.2631,10514.5655,1630.3,-20.6,08
234224.000,4002.2631,10514.5655,1630.2,-20.6,08
234225.000,4002.2631,10514.5655,1630.1,-20.6,08
234226.000,4002.2630,10514.5655,1630.0,-20.6,08
234227.000,4002.2631,10514.5655,1630.0,-20.6,08
234228.000,4002.2631,10514.5655,1629.9,-20.6,08
234231.000,4002.2631,10514.5655,1629.7,-20.6,08
234232.000,4002.2630,10514.5655,1629.6,-20.6,08
234233.000,4002.2630,10514.5655,1629.5,-20.6,08
234234.000,4002.2630,10514.5655,1629.4,-20.6,08
234235.000,4002.2630,10514.5654,1629.3,-20.6,08
234236.000,4002.2630,10514.5654,1629.3,-20.6,08
234237.000,4002.2630,10514.5654,1629.2,-20.6,08
234238.000,4002.2630,10514.5653,1629.1,-20.6,08
234240.000,4002.2630,10514.5653,1629.1,-20.6,08
234241.000,4002.2630,10514.5652,1629.1,-20.6,08
234242.000,4002.2630,10514.5652,1629.1,-20.6,08
234243.000,4002.2630,10514.5652,1629.1,-20.6,08
234246.000,4002.2630,10514.5652,1629.1,-20.6,08
234247.000,4002.2630,10514.5652,1629.1,-20.6,08
234248.000,4002.2630,10514.5652,1629.1,-20.6,08
234249.000,4002.2630,10514.5652,1629.1,-20.6,08
234250.000,4002.2630,10514.5652,1629.1,-20.6,08
234251.000,4002.2630,10514.5652,1629.1,-20.6,08
234252.000,4002.2630,10514.5652,1629.1,-20.6,08
234253.000,4002.2630,10514.5652,1629.1,-20.6,08
234255.000,4002.2630,10514.5652,1629.1,-20.6,08
234256.000,4002.2631,10514.5652,1629.1,-20.6,08
234257.000,4002.2631,10514.5652,1629.1,-20.6,08
234258.000,4002.2631,10514.5652,1629.1,-20.6,08
234301.000,4002.2631,10514.5652,1629.1,-20.6,08
234302.000,4002.2631,10514.5652,1629.1,-20.6,08
234303.000,4002.2631,10514.5652,1629.1,-20.6,08
234304.000,4002.2631,10514.5652,1629.1,-20.6,08
234305.000,4002.2631,10514.5652,1629.1,-20.6,08
234306.000,4002.2631,10514.5652,1629.1,-20.6,08
234307.000,4002.2631,10514.5652,1629.1,-20.6,08
234308.000,4002.2631,10514.5652,1629.1,-20.6,08
234311.000,4002.2631,10514.5652,1629.1,-20.6,08
234312.000,4002.2631,10514.5652,1629.1,-20.6,08
234313.000,4002.2631,10514.5652,1629.1,-20.6,08
234314.000,4002.2631,10514.5652,1629.1,-20.6,08
234315.000,4002.2631,10514.5652,1629.1,-20.6,08
234316.000,4002.2631,10514.5652,1629.1,-20.6,08
234317.000,4002.2631,10514.5652,1629.1,-20.6,08
234318.000,4002.2631,10514.5652,1629.1,-20.6,08
234321.000,4002.2631,10514.5652,1629.1,-20.6,08
234322.000,4002.2631,10514.5652,1629.1,-20.6,08
234323.000,4002.2631,10514.5652,1629.1,-20.6,08
234324.000,4002.2631,10514.5652,1629.1,-20.6,08
234325.000,4002.2631,10514.5652,1629.1,-20.6,08
234326.000,4002.2631,10514.5652,1629.1,-20.6,08
234327.000,4002.2631,10514.5652,1629.1,-20.6,08
234328.000,4002.2631,10514.5652,1629.1,-20.6,08
234331.000,4002.2631,10514.5652,1629.1,-20.6,08
234332.000,4002.2631,10514.5652,1629.1,-20.6,08
234333.000,4002.2631,10514.5652,1629.0,-20.6,08
234334.000,4002.2631,10514.5652,1629.0,-20.6,08
234335.000,4002.2631,10514.5652,1629.0,-20.6,08
234336.000,4002.2631,10514.5652,1629.0,-20.6,08
234337.000,4002.2631,10514.5652,1629.0,-20.6,08
234338.000,4002.2631,10514.5652,1628.9,-20.6,08
234341.000,4002.2632,10514.5651,1628.6,-20.6,08
234342.000,4002.2632,10514.5651,1628.5,-20.6,08
234343.000,4002.2632,10514.5650,1628.4,-20.6,08
234344.000,4002.2633,10514.5650,1628.3,-20.6,08
234345.000,4002.2633,10514.5650,1628.2,-20.6,08
234346.000,4002.2633,10514.5649,1628.0,-20.6,08
234347.000,4002.2633,10514.5649,1627.9,-20.6,08
234348.000,4002.2633,10514.5649,1627.8,-20.6,08
234350.000,4002.2632,10514.5647,1627.8,-20.6,09
234351.000,4002.2632,10514.5647,1627.8,-20.6,09
234352.000,4002.2632,10514.5646,1627.8,-20.6,09
234353.000,4002.2631,10514.5646,1627.8,-20.6,09
234354.000,4002.2631,10514.5645,1627.8,-20.6,09
234355.000,4002.2631,10514.5645,1627.7,-20.6,09
234356.000,4002.2631,10514.5644,1627.7,-20.6,09
234357.000,4002.2631,10514.5644,1627.8,-20.6,09
234411.000,4002.2631,10514.5642,1628.0,-20.6,09
234412.000,4002.2632,10514.5642,1628.0,-20.6,09
234413.000,4002.2632,10514.5642,1628.1,-20.6,09
234414.000,4002.2632,10514.5643,1628.1,-20.6,09
234415.000,4002.2632,10514.5643,1628.1,-20.6,09
234416.000,4002.2632,10514.5644,1628.2,-20.6,09
234417.000,4002.2632,10514.5644,1628.3,-20.6,09
234418.000,4002.2633,10514.5644,1628.4,-20.6,09
234421.000,4002.2634,10514.5645,1628.7,-20.6,09
234422.000,4002.2635,10514.5645,1628.8,-20.6,09
234423.000,4002.2635,10514.5645,1628.9,-20.6,09
234424.000,4002.2635,10514.5645,1628.9,-20.6,09
234425.000,4002.2636,10514.5645,1629.0,-20.6,09
234426.000,4002.2636,10514.5645,1629.1,-20.6,09
234427.000,4002.2636,10514.5645,1629.1,-20.6,09
234428.000,4002.2636,10514.5645,1629.2,-20.6,09
234431.000,4002.2636,10514.5644,1629.5,-20.6,09
234432.000,4002.2636,10514.5644,1629.6,-20.6,09
234433.000,4002.2637,10514.5644,1629.6,-20.6,08
234434.000,4002.2637,10514.5645,1629.7,-20.6,09
234435.000,4002.2638,10514.5645,1629.7,-20.6,09
234436.000,4002.2638,10514.5645,1629.8,-20.6,09
234437.000,4002.2638,10514.5645,1629.9,-20.6,09
234438.000,4002.2639,10514.5645,1630.0,-20.6,09
234440.000,4002.2639,10514.5644,1630.2,-20.6,09
234441.000,4002.2639,10514.5644,1630.3,-20.6,09
234442.000,4002.2639,10514.5643,1630.4,-20.6,09
234443.000,4002.2640,10514.5643,1630.6,-20.6,09
234446.000,4002.2641,10514.5642,1630.8,-20.6,09
234447.000,4002.2641,10514.5642,1630.8,-20.6,09
234448.000,4002.2641,10514.5642,1630.8,-20.6,09
234449.000,4002.2640,10514.5642,1630.8,-20.6,09
234450.000,4002.2640,10514.5642,1630.8,-20.6,09
234451.000,4002.2640,10514.5642,1630.8,-20.6,09
234452.000,4002.2640,10514.5642,1630.8,-20.6,08
234453.000,4002.2640,10514.5642,1630.9,-20.6,09
234456.000,4002.2640,10514.5641,1631.2,-20.6,09
234457.000,4002.2640,10514.5641,1631.2,-20.6,09
234458.000,4002.2640,10514.5641,1631.3,-20.6,09
234459.000,4002.2640,10514.5641,1631.3,-20.6,09
234500.000,4002.2639,10514.5641,1631.2,-20.6,09
234501.000,4002.2639,10514.5641,1631.1,-20.6,09
234502.000,4002.2638,10514.5641,1631.1,-20.6,09
234503.000,4002.2638,10514.5642,1631.0,-20.6,09
234505.000,4002.2637,10514.5642,1631.0,-20.6,09
234506.000,4002.2637,10514.5642,1630.9,-20.6,09
234507.000,4002.2636,10514.5642,1630.9,-20.6,09
234508.000,4002.2636,10514.5641,1630.9,-20.6,09
234511.000,4002.2636,10514.5641,1630.6,-20.6,09
234512.000,4002.2635,10514.5641,1630.4,-20.6,09
234513.000,4002.2635,10514.5641,1630.2,-20.6,09
234514.000,4002.2634,10514.5641,1630.0,-20.6,09
234515.000,4002.2634,10514.5641,1629.9,-20.6,09
234516.000,4002.2633,10514.5641,1629.7,-20.6,09
234517.000,4002.2633,10514.5641,1629.7,-20.6,09
234518.000,4002.2632,10514.5641,1629.7,-20.6,09
234521.000,4002.2631,10514.5639,1629.7,-20.6,09
234522.000,4002.2631,10514.5639,1629.7,-20.6,09
234523.000,4002.2631,10514.5638,1629.7,-20.6,09
234524.000,4002.2630,10514.5638,1629.6,-20.6,09
234525.000,4002.2630,10514.5637,1629.5,-20.6,09
234526.000,4002.2630,10514.5637,1629.5,-20.6,09
234527.000,4002.2630,10514.5636,1629.5,-20.6,09
234528.000,4002.2629,10514.5635,1629.5,-20.6,09
234531.000,4002.2629,10514.5634,1629.6,-20.6,09
234532.000,4002.2629,10514.5634,1629.6,-20.6,09
234533.000,4002.2629,10514.5633,1629.7,-20.6,09
234534.000,4002.2629,10514.5633,1629.8,-20.6,09
234535.000,4002.2629,10514.5632,1629.8,-20.6,09
234536.000,4002.2629,10514.5632,1629.8,-20.6,09
234537.000,4002.2629,10514.5631,1629.8,-20.6,09
234538.000,4002.2629,10514.5631,1629.8,-20.6,09
234541.000,4002.2628,10514.5630,1629.9,-20.6,09
234542.000,4002.2628,10514.5630,1630.0,-20.6,09
234543.000,4002.2628,10514.5630,1630.0,-20.6,09
234544.000,4002.2629,10514.5630,1630.0,-20.6,09
234545.000,4002.2629,10514.5630,1630.0,-20.6,09
234546.000,4002.2629,10514.5630,1629.9,-20.6,09
234547.000,4002.2629,10514.5631,1629.8,-20.6,08
234548.000,4002.2629,10514.5631,1629.7,-20.6,09
234551.000,4002.2629,10514.5632,1629.4,-20.6,08
234552.000,4002.2629,10514.5632,1629.3,-20.6,09
234553.000,4002.2629,10514.5632,1629.2,-20.6,09
234554.000,4002.2629,10514.5633,1629.2,-20.6,09
234555.000,4002.2629,10514.5633,1629.1,-20.6,09
234556.000,4002.2630,10514.5633,1629.1,-20.6,08
234557.000,4002.2630,10514.5634,1629.0,-20.6,08
234558.000,4002.2630,10514.5634,1628.9,-20.6,09
234601.000,4002.2631,10514.5636,1628.5,-20.6,09
234602.000,4002.2631,10514.5636,1628.4,-20.6,09
234603.000,4002.2631,10514.5636,1628.2,-20.6,09
234604.000,4002.2632,10514.5637,1628.1,-20.6,09
234605.000,4002.2632,10514.5637,1628.0,-20.6,09
234606.000,4002.2632,10514.5637,1627.9,-20.6,09
234607.000,4002.2632,10514.5637,1627.9,-20.6,09
234608.000,4002.2633,10514.5637,1627.8,-20.6,09
234610.000,4002.2633,10514.5637,1627.7,-20.6,09
234611.000,4002.2633,10514.5637,1627.6,-20.6,09
234612.000,4002.2633,10514.5637,1627.4,-20.6,09
234613.000,4002.2633,10514.5637,1627.3,-20.6,09
234614.000,4002.2633,10514.5637,1627.2,-20.6,09
234615.000,4002.2633,10514.5637,1627.1,-20.6,09
234616.000,4002.2633,10514.5637,1627.1,-20.6,09
234617.000,4002.2634,10514.5637,1627.0,-20.6,09
234631.000,4002.2635,10514.5637,1625.7,-20.6,09
234632.000,4002.2635,10514.5637,1625.7,-20.6,09
234633.000,4002.2635,10514.5637,1625.7,-20.6,09
234634.000,4002.2635,10514.5637,1625.6,-20.6,09
234635.000,4002.2635,10514.5637,1625.5,-20.6,09
234636.000,4002.2635,10514.5637,1625.4,-20.6,09
234637.000,4002.2635,10514.5637,1625.3,-20.6,09
234638.000,4002.2635,10514.5637,1625.2,-20.6,09
234641.000,4002.2634,10514.5638,1625.1,-20.6,09
234642.000,4002.2634,10514.5638,1625.1,-20.6,09
234643.000,4002.2635,10514.5639,1625.0,-20.6,09
234644.000,4002.2635,10514.5639,1625.0,-20.6,09
234645.000,4002.2635,10514.5639,1624.9,-20.6,09
234646.000,4002.2635,10514.5640,1624.9,-20.6,09
234647.000,4002.2635,10514.5640,1624.8,-20.6,09
234648.000,4002.2635,10514.5640,1624.6,-20.6,09
234651.000,4002.2635,10514.5641,1624.3,-20.6,09
234652.000,4002.2635,10514.5641,1624.2,-20.6,09
234653.000,4002.2635,10514.5641,1624.2,-20.6,09
234654.000,4002.2635,10514.5642,1624.3,-20.6,09
234655.000,4002.2635,10514.5642,1624.3,-20.6,09
234656.000,4002.2635,10514.5643,1624.3,-20.6,09
234657.000,4002.2635,10514.5643,1624.3,-20.6,09
234658.000,4002.2635,10514.5644,1624.3,-20.6,09
234701.000,4002.2635,10514.5646,1623.9,-20.6,09
234702.000,4002.2635,10514.5647,1623.8,-20.6,09
234703.000,4002.2635,10514.5648,1623.7,-20.6,09
234704.000,4002.2635,10514.5648,1623.5,-20.6,09
234705.000,4002.2636,10514.5649,1623.5,-20.6,09
234706.000,4002.2636,10514.5650,1623.4,-20.6,09
234707.000,4002.2636,10514.5651,1623.3,-20.6,09
234708.000,4002.2637,10514.5652,1623.3,-20.6,09
234711.000,4002.2637,10514.5654,1623.1,-20.6,09
234712.000,4002.2637,10514.5655,1623.1,-20.6,09
234713.000,4002.2637,10514.5655,1623.0,-20.6,09
234714.000,4002.2637,10514.5656,1623.0,-20.6,09
234715.000,4002.2637,10514.5656,1623.0,-20.6,09
234716.000,4002.2637,10514.5656,1623.0,-20.6,09
234717.000,4002.2637,10514.5656,1623.0,-20.6,09
234718.000,4002.2638,10514.5656,1623.0,-20.6,09
234721.000,4002.2639,10514.5658,1623.0,-20.6,09
234722.000,4002.2639,10514.5658,1623.0,-20.6,09
234723.000,4002.2639,10514.5658,1622.9,-20.6,08
234724.000,4002.2638,10514.5658,1622.9,-20.6,09
234725.000,4002.2638,10514.5658,1622.8,-20.6,09
234726.000,4002.2638,10514.5658,1622.8,-20.6,09
234727.000,4002.2637,10514.5658,1622.8,-20.6,09
234728.000,4002.2637,10514.5658,1622.8,-20.6,09
234731.000,4002.2637,10514.5659,1623.0,-20.6,09
234732.000,4002.2637,10514.5659,1623.1,-20.6,09
234733.000,4002.2637,10514.5658,1623.2,-20.6,09
234734.000,4002.2637,10514.5658,1623.4,-20.6,09
234735.000,4002.2637,10514.5658,1623.4,-20.6,09
234736.000,4002.2637,10514.5658,1623.4,-20.6,09
234737.000,4002.2637,10514.5658,1623.4,-20.6,09
234738.000,4002.2637,10514.5658,1623.4,-20.6,09
234741.000,4002.2637,10514.5658,1623.4,-20.6,09
234742.000,4002.2637,10514.5658,1623.4,-20.6,09
234743.000,4002.2637,10514.5658,1623.4,-20.6,09
234744.000,4002.2637,10514.5658,1623.4,-20.6,09
234745.000,4002.2637,10514.5658,1623.4,-20.6,09
234746.000,4002.2637,10514.5658,1623.4,-20.6,09
234747.000,4002.2637,10514.5658,1623.4,-20.6,09
234748.000,4002.2637,10514.5658,1623.4,-20.6,09
234751.000,4002.2637,10514.5658,1623.4,-20.6,09
234752.000,4002.2637,10514.5658,1623.4,-20.6,09
234753.000,4002.2637,10514.5658,1623.4,-20.6,09
234754.000,4002.2637,10514.5658,1623.4,-20.6,09
234755.000,4002.2637,10514.5658,1623.4,-20.6,09
234756.000,4002.2637,10514.5658,1623.4,-20.6,09
234757.000,4002.2637,10514.5658,1623.4,-20.6,09
234758.000,4002.2637,10514.5658,1623.4,-20.6,09
234800.000,4002.2637,10514.5657,1623.4,-20.6,09
234801.000,4002.2637,10514.5657,1623.4,-20.6,08
234802.000,4002.2637,10514.5657,1623.4,-20.6,09
234803.000,4002.2637,10514.5657,1623.4,-20.6,09
234805.000,4002.2637,10514.5657,1623.4,-20.6,09
234806.000,4002.2637,10514.5657,1623.4,-20.6,09
234807.000,4002.2637,10514.5657,1623.4,-20.6,09
234808.000,4002.2637,10514.5657,1623.4,-20.6,09
234811.000,4002.2637,10514.5657,1623.4,-20.6,09
234812.000,4002.2637,10514.5657,1623.4,-20.6,09
234813.000,4002.2637,10514.5657,1623.4,-20.6,09
234814.000,4002.2637,10514.5657,1623.4,-20.6,09
234815.000,4002.2637,10514.5657,1623.4,-20.6,09
234816.000,4002.2637,10514.5657,1623.4,-20.6,09
234817.000,4002.2637,10514.5657,1623.4,-20.6,09
234818.000,4002.2637,10514.5657,1623.4,-20.6,09
234821.000,4002.2637,10514.5657,1623.4,-20.6,09
234822.000,4002.2637,10514.5657,1623.4,-20.6,09
234823.000,4002.2637,10514.5657,1623.4,-20.6,09
234824.000,4002.2637,10514.5657,1623.4,-20.6,09
234825.000,4002.2637,10514.5657,1623.4,-20.6,09
234826.000,4002.2637,10514.5657,1623.4,-20.6,09
234827.000,4002.2637,10514.5657,1623.4,-20.6,09
234828.000,4002.2637,10514.5657,1623.4,-20.6,09
234830.000,4002.2637,10514.5657,1623.4,-20.6,08
234831.000,4002.2637,10514.5657,1623.4,-20.6,09
234832.000,4002.2637,10514.5657,1623.4,-20.6,09
234833.000,4002.2637,10514.5657,1623.4,-20.6,09
234836.000,4002.2637,10514.5657,1623.5,-20.6,09
234850.000,4002.2631,10514.5646,1625.2,-20.6,09
234851.000,4002.2631,10514.5645,1625.4,-20.6,09
234852.000,4002.2630,10514.5644,1625.7,-20.6,09
234853.000,4002.2630,10514.5644,1625.9,-20.6,09
234856.000,4002.2629,10514.5642,1626.4,-20.6,09
234857.000,4002.2629,10514.5641,1626.5,-20.6,09
234858.000,4002.2628,10514.5641,1626.6,-20.6,09
234859.000,4002.2628,10514.5640,1626.6,-20.6,09
234900.000,4002.2628,10514.5640,1626.6,-20.6,09
234901.000,4002.2628,10514.5640,1626.6,-20.6,09
234902.000,4002.2627,10514.5640,1626.7,-20.6,09
234903.000,4002.2627,10514.5640,1626.7,-20.6,09
234906.000,4002.2626,10514.5640,1626.9,-20.6,09
234907.000,4002.2626,10514.5640,1626.9,-20.6,09
234908.000,4002.2625,10514.5640,1627.0,-20.6,09
234909.000,4002.2625,10514.5640,1627.0,-20.6,09
234910.000,4002.2625,10514.5641,1627.0,-20.6,09
234911.000,4002.2624,10514.5641,1627.0,-20.6,09
234912.000,4002.2624,10514.5641,1626.9,-20.6,09
234913.000,4002.2624,10514.5641,1626.9,-20.6,09
234916.000,4002.2624,10514.5642,1627.2,-20.6,09
234917.000,4002.2624,10514.5642,1627.2,-20.6,09
234918.000,4002.2623,10514.5642,1627.3,-20.6,09
234919.000,4002.2623,10514.5642,1627.3,-20.6,09
234920.000,4002.2623,10514.5643,1627.4,-20.6,09
234921.000,4002.2623,10514.5643,1627.4,-20.6,09
234922.000,4002.2623,10514.5643,1627.4,-20.6,09
234923.000,4002.2623,10514.5643,1627.4,-20.6,09
234926.000,4002.2624,10514.5644,1627.5,-20.6,09
234927.000,4002.2624,10514.5644,1627.6,-20.6,09
234928.000,4002.2624,10514.5644,1627.7,-20.6,09
234929.000,4002.2624,10514.5644,1627.7,-20.6,09
234930.000,4002.2624,10514.5644,1627.8,-20.6,09
234931.000,4002.2624,10514.5644,1628.0,-20.6,09
234932.000,4002.2624,10514.5644,1628.1,-20.6,09
234933.000,4002.2624,10514.5644,1628.1,-20.6,09
234935.000,4002.2625,10514.5644,1628.3,-20.6,09
234936.000,4002.2625,10514.5643,1628.4,-20.6,09
234937.000,4002.2625,10514.5643,1628.5,-20.6,09
234938.000,4002.2626,10514.5643,1628.6,-20.6,09
234941.000,4002.2627,10514.5642,1629.0,-20.6,09
234942.000,4002.2628,10514.5642,1629.1,-20.6,09
234943.000,4002.2628,10514.5641,1629.1,-20.6,09
234944.000,4002.2628,10514.5641,1629.1,-20.6,09
234945.000,4002.2628,10514.5641,1629.1,-20.6,09
234946.000,4002.2628,10514.5641,1629.1,-20.6,09
234947.000,4002.2628,10514.5641,1629.1,-20.6,09
234948.000,4002.2628,10514.5641,1629.1,-20.6,09
234951.000,4002.2628,10514.5641,1629.1,-20.6,09
234952.000,4002.2628,10514.5641,1629.1,-20.6,09
234953.000,4002.2628,10514.5641,1629.1,-20.6,09
234954.000,4002.2628,10514.5641,1629.1,-20.6,10
234955.000,4002.2628,10514.5641,1629.2,-20.6,10
234956.000,4002.2628,10514.5641,1629.2,-20.6,10
234957.000,4002.2628,10514.5641,1629.2,-20.6,10
234958.000,4002.2628,10514.5641,1629.2,-20.6,10
235001.000,4002.2628,10514.5641,1629.2,-20.6,10
235002.000,4002.2628,10514.5641,1629.2,-20.6,10
235003.000,4002.2628,10514.5641,1629.2,-20.6,10
235004.000,4002.2628,10514.5641,1629.2,-20.6,10
235005.000,4002.2628,10514.5641,1629.2,-20.6,10
235006.000,4002.2628,10514.5641,1629.2,-20.6,10
235007.000,4002.2628,10514.5641,1629.2,-20.6,10
235008.000,4002.2628,10514.5641,1629.2,-20.6,10
235011.000,4002.2628,10514.5641,1629.2,-20.6,10
235012.000,4002.2628,10514.5641,1629.2,-20.6,10
235013.000,4002.2628,10514.5641,1629.2,-20.6,10
235014.000,4002.2628,10514.5641,1629.2,-20.6,10
235015.000,4002.2628,10514.5641,1629.2,-20.6,10
235016.000,4002.2628,10514.5641,1629.2,-20.6,10
235017.000,4002.2628,10514.5641,1629.2,-20.6,10
235018.000,4002.2628,10514.5641,1629.2,-20.6,10
235021.000,4002.2628,10514.5641,1629.1,-20.6,10
235022.000,4002.2628,10514.5641,1629.1,-20.6,10
235023.000,4002.2628,10514.5641,1629.1,-20.6,10
235024.000,4002.2628,10514.5641,1629.1,-20.6,10
235025.000,4002.2628,10514.5641,1629.1,-20.6,10
235026.000,4002.2628,10514.5641,1629.1,-20.6,10
235027.000,4002.2628,10514.5641,1629.1,-20.6,10
235028.000,4002.2628,10514.5641,1629.1,-20.6,10
235031.000,4002.2628,10514.5641,1629.1,-20.6,10
235032.000,4002.2628,10514.5641,1629.1,-20.6,10
235033.000,4002.2628,10514.5641,1629.1,-20.6,10
235034.000,4002.2628,10514.5641,1629.1,-20.6,10
235035.000,4002.2628,10514.5641,1629.1,-20.6,10
235036.000,4002.2628,10514.5641,1629.1,-20.6,10
235037.000,4002.2628,10514.5641,1629.1,-20.6,10
235038.000,4002.2628,10514.5641,1629.1,-20.6,10
235041.000,4002.2628,10514.5641,1629.1,-20.6,10
235042.000,4002.2628,10514.5641,1629.1,-20.6,10
235043.000,4002.2628,10514.5641,1629.1,-20.6,10
235044.000,4002.2628,10514.5641,1629.1,-20.6,10
235045.000,4002.2628,10514.5641,1629.1,-20.6,10
235046.000,4002.2628,10514.5641,1629.1,-20.6,10
235047.000,4002.2628,10514.5641,1629.1,-20.6,10
235048.000,4002.2628,10514.5641,1629.1,-20.6,10
235051.000,4002.2628,10514.5641,1629.1,-20.6,10
235052.000,4002.2628,10514.5641,1629.1,-20.6,10
235053.000,4002.2628,10514.5641,1629.1,-20.6,10
235054.000,4002.2628,10514.5641,1629.1,-20.6,10
235055.000,4002.2628,10514.5641,1629.1,-20.6,10
235056.000,4002.2628,10514.5641,1629.1,-20.6,10
235057.000,4002.2628,10514.5641,1629.1,-20.6,10
