194838.092,,,,,00
194851.094,4002.2582,10514.5678,1627.3,-20.6,07
194853.000,4002.2580,10514.5683,1628.2,-20.6,07
194854.000,4002.2580,10514.5680,1627.6,-20.6,07
194855.000,4002.2581,10514.5678,1627.4,-20.6,07
194856.000,4002.2581,10514.5677,1627.4,-20.6,07
194857.000,4002.2582,10514.5676,1627.2,-20.6,08
194858.000,4002.2582,10514.5676,1627.3,-20.6,08
194901.000,4002.2584,10514.5675,1627.3,-20.6,08
194902.000,4002.2584,10514.5674,1627.4,-20.6,08
194903.000,4002.2585,10514.5674,1627.6,-20.6,09
194904.000,4002.2585,10514.5673,1627.7,-20.6,09
194905.000,4002.2586,10514.5672,1627.8,-20.6,09
194906.000,4002.2587,10514.5671,1628.6,-20.6,09
194907.000,4002.2589,10514.5669,1628.8,-20.6,09
194908.000,4002.2590,10514.5669,1629.2,-20.6,09
194910.000,4002.2592,10514.5668,1629.3,-20.6,09
194911.000,4002.2593,10514.5668,1629.5,-20.6,09
194912.000,4002.2593,10514.5668,1629.6,-20.6,09
194913.000,4002.2594,10514.5668,1629.8,-20.6,09
194914.000,4002.2594,10514.5667,1629.9,-20.6,09
194915.000,4002.2595,10514.5667,1630.0,-20.6,09
194916.000,4002.2595,10514.5667,1630.1,-20.6,09
194917.000,4002.2596,10514.5666,1630.3,-20.6,09
194918.000,4002.2596,10514.5666,1630.5,-20.6,09
194920.000,4002.2596,10514.5667,1631.1,-20.6,09
194921.000,4002.2596,10514.5667,1631.2,-20.6,09
194922.000,4002.2596,10514.5667,1631.4,-20.6,09
194923.000,4002.2596,10514.5667,1631.6,-20.6,09
194926.000,4002.2596,10514.5667,1632.1,-20.6,09
194927.000,4002.2595,10514.5667,1632.3,-20.6,09
194928.000,4002.2595,10514.5667,1632.4,-20.6,09
194929.000,4002.2595,10514.5667,1632.6,-20.6,09
194930.000,4002.2595,10514.5668,1632.7,-20.6,09
194931.000,4002.2594,10514.5668,1632.8,-20.6,09
194932.000,4002.2594,10514.5668,1632.9,-20.6,09
194933.000,4002.2594,10514.5669,1633.0,-20.6,11
194935.000,4002.2594,10514.5669,1633.2,-20.6,11
194936.000,4002.2594,10514.5670,1633.2,-20.6,11
194937.000,4002.2593,10514.5670,1633.3,-20.6,11
194938.000,4002.2593,10514.5670,1633.3,-20.6,11
194941.000,4002.2593,10514.5670,1633.3,-20.6,11
194942.000,4002.2593,10514.5670,1633.3,-20.6,11
194943.000,4002.2593,10514.5670,1633.3,-20.6,11
194944.000,4002.2593,10514.5670,1633.3,-20.6,11
194945.000,4002.2593,10514.5670,1633.3,-20.6,11
194946.000,4002.2593,10514.5670,1633.3,-20.6,11
194947.000,4002.2593,10514.5670,1633.3,-20.6,11
194948.000,4002.2593,10514.5670,1633.3,-20.6,11
194950.000,4002.2593,10514.5670,1633.3,-20.6,11
194951.000,4002.2593,10514.5670,1633.3,-20.6,11
194952.000,4002.2594,10514.5670,1633.3,-20.6,11
194953.000,4002.2593,10514.5670,1633.3,-20.6,11
194956.000,4002.2593,10514.5670,1633.3,-20.6,11
194957.000,4002.2593,10514.5670,1633.3,-20.6,11
194958.000,4002.2593,10514.5670,1633.3,-20.6,11
194959.000,4002.2593,10514.5670,1633.3,-20.6,11
195000.000,4002.2593,10514.5670,1633.3,-20.6,11
195001.000,4002.2593,10514.5670,1633.3,-20.6,11
195002.000,4002.2593,10514.5670,1633.3,-20.6,11
195003.000,4002.2593,10514.5670,1633.3,-20.6,11
195006.000,4002.2593,10514.5670,1633.3,-20.6,11
195007.000,4002.2593,10514.5670,1633.3,-20.6,11
195008.000,4002.2593,10514.5670,1633.3,-20.6,11
195009.000,4002.2593,10514.5670,1633.3,-20.6,11
195010.000,4002.2593,10514.5670,1633.3,-20.6,11
195011.000,4002.2593,10514.5670,1633.3,-20.6,11
195012.000,4002.2593,10514.5670,1633.3,-20.6,11
195013.000,4002.2593,10514.5670,1633.3,-20.6,11
195015.000,4002.2593,10514.5670,1633.3,-20.6,11
195016.000,4002.2593,10514.5670,1633.3,-20.6,11
195017.000,4002.2593,10514.5670,1633.3,-20.6,11
195018.000,4002.2593,10514.5670,1633.3,-20.6,11
195019.000,4002.2593,10514.5670,1633.3,-20.6,11
195020.000,4002.2593,10514.5670,1633.3,-20.6,11
195021.000,4002.2593,10514.5670,1633.3,-20.6,11
195022.000,4002.2593,10514.5670,1633.3,-20.6,11
195023.000,4002.2593,10514.5670,1633.3,-20.6,11
195026.000,4002.2593,10514.5670,1633.3,-20.6,11
195027.000,4002.2593,10514.5670,1633.3,-20.6,11
195028.000,4002.2593,10514.5670,1633.3,-20.6,11
195029.000,4002.2593,10514.5670,1633.3,-20.6,11
195030.000,4002.2593,10514.5670,1633.3,-20.6,11
195031.000,4002.2593,10514.5670,1633.3,-20.6,11
195032.000,4002.2593,10514.5670,1633.3,-20.6,11
195033.000,4002.2593,10514.5670,1633.3,-20.6,11
195036.000,4002.2593,10514.5670,1633.3,-20.6,11
195037.000,4002.2593,10514.5670,1633.3,-20.6,11
195038.000,4002.2593,10514.5670,1633.3,-20.6,11
195039.000,4002.2593,10514.5670,1633.3,-20.6,11
195040.000,4002.2593,10514.5670,1633.3,-20.6,11
195041.000,4002.2593,10514.5670,1633.3,-20.6,11
195042.000,4002.2593,10514.5670,1633.3,-20.6,11
195043.000,4002.2593,10514.5670,1633.3,-20.6,10
195046.000,4002.2593,10514.5670,1633.3,-20.6,11
195047.000,4002.2593,10514.5670,1633.3,-20.6,11
195048.000,4002.2593,10514.5670,1633.3,-20.6,11
195049.000,4002.2593,10514.5670,1633.3,-20.6,11
195050.000,4002.2593,10514.5670,1633.3,-20.6,11
195051.000,4002.2593,10514.5670,1633.3,-20.6,11
195052.000,4002.2593,10514.5670,1633.3,-20.6,11
195053.000,4002.2593,10514.5670,1633.3,-20.6,11
195056.000,4002.2593,10514.5670,1633.3,-20.6,11
195057.000,4002.2593,10514.5670,1633.3,-20.6,11
195058.000,4002.2593,10514.5670,1633.3,-20.6,11
195059.000,4002.2593,10514.5670,1633.3,-20.6,11
195100.000,4002.2593,10514.5670,1633.3,-20.6,11
195101.000,4002.2593,10514.5670,1633.3,-20.6,11
195102.000,4002.2593,10514.5670,1633.3,-20.6,11
195103.000,4002.2593,10514.5670,1633.3,-20.6,11
195106.000,4002.2593,10514.5670,1633.3,-20.6,11
195107.000,4002.2593,10514.5670,1633.3,-20.6,11
195108.000,4002.2593,10514.5670,1633.3,-20.6,11
195107.000,4002.2593,10514.5670,1633.2,-20.6,11
195108.000,4002.2593,10514.5669,1633.1,-20.6,11
195109.000,4002.2593,10514.5669,1633.0,-20.6,11
195110.000,4002.2592,10514.5668,1633.0,-20.6,11
195111.000,4002.2592,10514.5668,1632.9,-20.6,11
195114.000,4002.2592,10514.5667,1632.7,-20.6,11
195115.000,4002.2591,10514.5667,1632.6,-20.6,11
195116.000,4002.2591,10514.5667,1632.5,-20.6,11
195117.000,4002.2591,10514.5667,1632.4,-20.6,11
195118.000,4002.2590,10514.5666,1632.3,-20.6,11
195119.000,4002.2590,10514.5666,1632.2,-20.6,11
195120.000,4002.2590,10514.5666,1632.1,-20.6,11
195121.000,4002.2590,10514.5666,1632.0,-20.6,11
195124.000,4002.2589,10514.5667,1631.6,-20.6,11
195125.000,4002.2589,10514.5667,1631.5,-20.6,11
195126.000,4002.2589,10514.5667,1631.3,-20.6,11
195127.000,4002.2588,10514.5667,1631.2,-20.6,11
195128.000,4002.2588,10514.5667,1631.2,-20.6,11
195129.000,4002.2587,10514.5667,1631.1,-20.6,11
195130.000,4002.2587,10514.5667,1631.0,-20.6,11
195131.000,4002.2587,10514.5667,1630.9,-20.6,11
195134.000,4002.2586,10514.5668,1630.7,-20.6,11
195135.000,4002.2586,10514.5668,1630.6,-20.6,11
195136.000,4002.2587,10514.5668,1630.5,-20.6,11
195137.000,4002.2586,10514.5669,1630.5,-20.6,11
195138.000,4002.2587,10514.5669,1630.4,-20.6,11
195139.000,4002.2586,10514.5669,1630.3,-20.6,11
195140.000,4002.2587,10514.5669,1630.2,-20.6,11
195141.000,4002.2586,10514.5669,1630.2,-20.6,11
195144.000,4002.2586,10514.5669,1629.9,-20.6,11
195145.000,4002.2586,10514.5669,1629.9,-20.6,11
195146.000,4002.2586,10514.5670,1629.8,-20.6,11
195159.000,4002.2584,10514.5670,1628.9,-20.6,11
195200.000,4002.2584,10514.5670,1628.8,-20.6,11
195201.000,4002.2584,10514.5670,1628.8,-20.6,11
195202.000,4002.2583,10514.5669,1628.7,-20.6,11
195203.000,4002.2583,10514.5669,1628.7,-20.6,11
195204.000,4002.2583,10514.5669,1628.6,-20.6,11
195205.000,4002.2583,10514.5669,1628.6,-20.6,11
195206.000,4002.2583,10514.5669,1628.5,-20.6,11
195209.000,4002.2582,10514.5669,1628.3,-20.6,11
195210.000,4002.2581,10514.5669,1628.2,-20.6,11
195211.000,4002.2581,10514.5669,1628.1,-20.6,11
195212.000,4002.2581,10514.5669,1628.1,-20.6,11
195213.000,4002.2581,10514.5669,1628.1,-20.6,11
195214.000,4002.2581,10514.5669,1628.1,-20.6,11
195215.000,4002.2581,10514.5669,1628.1,-20.6,11
195216.000,4002.2581,10514.5669,1628.1,-20.6,11
195218.000,4002.2581,10514.5669,1628.0,-20.6,11
195219.000,4002.2581,10514.5669,1628.0,-20.6,11
195220.000,4002.2581,10514.5669,1628.0,-20.6,11
195221.000,4002.2581,10514.5669,1628.0,-20.6,11
195224.000,4002.2581,10514.5669,1628.0,-20.6,11
195225.000,4002.2581,10514.5669,1628.0,-20.6,11
195226.000,4002.2581,10514.5669,1628.0,-20.6,11
195227.000,4002.2581,10514.5669,1628.0,-20.6,11
195228.000,4002.2581,10514.5669,1628.0,-20.6,11
195229.000,4002.2581,10514.5669,1628.0,-20.6,11
195230.000,4002.2581,10514.5669,1628.0,-20.6,11
195231.000,4002.2581,10514.5669,1628.0,-20.6,11
195234.000,4002.2581,10514.5669,1628.0,-20.6,11
195235.000,4002.2581,10514.5669,1628.0,-20.6,11
195236.000,4002.2581,10514.5669,1628.0,-20.6,11
195237.000,4002.2581,10514.5669,1628.0,-20.6,11
195238.000,4002.2581,10514.5669,1628.0,-20.6,11
195239.000,4002.2581,10514.5669,1628.0,-20.6,11
195240.000,4002.2581,10514.5669,1628.0,-20.6,11
195241.000,4002.2581,10514.5669,1628.0,-20.6,11
195244.000,4002.2581,10514.5669,1628.0,-20.6,11
195245.000,4002.2581,10514.5669,1628.0,-20.6,11
195246.000,4002.2581,10514.5669,1628.0,-20.6,11
195247.000,4002.2581,10514.5669,1628.0,-20.6,11
195248.000,4002.2581,10514.5669,1628.0,-20.6,11
195249.000,4002.2581,10514.5669,1628.0,-20.6,11
195250.000,4002.2581,10514.5669,1628.0,-20.6,11
195251.000,4002.2581,10514.5669,1628.0,-20.6,11
195254.000,4002.2581,10514.5669,1628.0,-20.6,11
195255.000,4002.2581,10514.5669,1628.0,-20.6,11
195256.000,4002.2581,10514.5669,1628.0,-20.6,11
195257.000,4002.2581,10514.5669,1628.0,-20.6,11
195258.000,4002.2581,10514.5669,1628.0,-20.6,11
195259.000,4002.2581,10514.5669,1628.0,-20.6,11
195300.000,4002.2581,10514.5669,1628.0,-20.6,11
195301.000,4002.2581,10514.5669,1628.0,-20.6,11
195304.000,4002.2581,10514.5669,1628.0,-20.6,11
195305.000,4002.2581,10514.5669,1628.0,-20.6,11
195306.000,4002.2581,10514.5669,1628.0,-20.6,11
195307.000,4002.2581,10514.5669,1628.0,-20.6,11
195308.000,4002.2581,10514.5669,1628.0,-20.6,11
195309.000,4002.2581,10514.5669,1628.0,-20.6,11
195310.000,4002.2581,10514.5669,1628.0,-20.6,11
195311.000,4002.2581,10514.5669,1628.0,-20.6,11
195314.000,4002.2581,10514.5669,1628.0,-20.6,11
195315.000,4002.2581,10514.5669,1628.0,-20.6,11
195316.000,4002.2581,10514.5669,1628.0,-20.6,11
195317.000,4002.2581,10514.5669,1628.0,-20.6,11
195318.000,4002.2581,10514.5669,1627.9,-20.6,11
195319.000,4002.2581,10514.5669,1627.9,-20.6,11
195320.000,4002.2581,10514.5669,1627.9,-20.6,11
195321.000,4002.2581,10514.5669,1627.9,-20.6,11
195324.000,4002.2581,10514.5669,1627.9,-20.6,11
195325.000,4002.2581,10514.5669,1627.9,-20.6,11
195326.000,4002.2581,10514.5669,1627.9,-20.6,11
195327.000,4002.2581,10514.5669,1627.9,-20.6,11
195328.000,4002.2581,10514.5669,1627.9,-20.6,11
195329.000,4002.2581,10514.5669,1627.9,-20.6,11
195330.000,4002.2581,10514.5669,1627.9,-20.6,11
195331.000,4002.2581,10514.5669,1627.9,-20.6,11
195333.000,4002.2581,10514.5669,1627.9,-20.6,11
195334.000,4002.2581,10514.5669,1627.9,-20.6,11
195335.000,4002.2581,10514.5669,1627.9,-20.6,11
195336.000,4002.2581,10514.5669,1627.9,-20.6,11
195339.000,4002.2581,10514.5669,1627.9,-20.6,11
195340.000,4002.2581,10514.5669,1627.9,-20.6,11
195341.000,4002.2581,10514.5669,1627.9,-20.6,11
195342.000,4002.2581,10514.5669,1627.9,-20.6,11
195343.000,4002.2581,10514.5669,1627.9,-20.6,11
195344.000,4002.2581,10514.5669,1627.9,-20.6,11
195345.000,4002.2581,10514.5669,1627.9,-20.6,11
195346.000,4002.2581,10514.5669,1627.9,-20.6,11
195348.000,4002.2581,10514.5669,1627.9,-20.6,11
195349.000,4002.2581,10514.5669,1627.9,-20.6,11
195350.000,4002.2581,10514.5669,1627.9,-20.6,11
195351.000,4002.2581,10514.5669,1627.9,-20.6,11
195354.000,4002.2581,10514.5669,1627.9,-20.6,11
195355.000,4002.2581,10514.5669,1627.9,-20.6,11
195356.000,4002.2581,10514.5669,1627.9,-20.6,11
195357.000,4002.2581,10514.5669,1627.9,-20.6,11
195358.000,4002.2581,10514.5669,1627.9,-20.6,11
195359.000,4002.2581,10514.5669,1627.9,-20.6,11
195400.000,4002.2581,10514.5669,1627.9,-20.6,11
195401.000,4002.2581,10514.5669,1627.9,-20.6,11
195404.000,4002.2581,10514.5669,1627.9,-20.6,11
195405.000,4002.2581,10514.5669,1627.9,-20.6,11
195406.000,4002.2581,10514.5669,1627.9,-20.6,11
195407.000,4002.2581,10514.5669,1627.9,-20.6,11
195408.000,4002.2581,10514.5669,1627.9,-20.6,11
195409.000,4002.2581,10514.5669,1627.9,-20.6,11
195410.000,4002.2581,10514.5669,1627.9,-20.6,11
195411.000,4002.2581,10514.5669,1627.9,-20.6,11
195414.000,4002.2581,10514.5669,1627.9,-20.6,11
195415.000,4002.2581,10514.5669,1627.9,-20.6,11
195416.000,4002.2581,10514.5669,1627.9,-20.6,11
195417.000,4002.2581,10514.5669,1627.9,-20.6,11
195418.000,4002.2581,10514.5669,1627.9,-20.6,11
195419.000,4002.2581,10514.5669,1627.9,-20.6,11
195420.000,4002.2581,10514.5669,1627.9,-20.6,11
195421.000,4002.2581,10514.5669,1627.9,-20.6,11
195424.000,4002.2581,10514.5669,1627.9,-20.6,11
195425.000,4002.2581,10514.5669,1627.9,-20.6,11
195426.000,4002.2581,10514.5669,1627.9,-20.6,11
195427.000,4002.2581,10514.5669,1627.9,-20.6,11
195428.000,4002.2581,10514.5669,1627.8,-20.6,11
195429.000,4002.2581,10514.5669,1627.8,-20.6,11
195430.000,4002.2581,10514.5669,1627.8,-20.6,11
195431.000,4002.2581,10514.5669,1627.8,-20.6,11
195434.000,4002.2581,10514.5669,1627.8,-20.6,11
195435.000,4002.2581,10514.5669,1627.8,-20.6,11
195436.000,4002.2581,10514.5669,1627.8,-20.6,11
195437.000,4002.2581,10514.5669,1627.8,-20.6,11
195438.000,4002.2581,10514.5669,1627.8,-20.6,11
195439.000,4002.2581,10514.5669,1627.8,-20.6,11
195440.000,4002.2581,10514.5669,1627.8,-20.6,11
195441.000,4002.2581,10514.5669,1627.8,-20.6,11
195443.000,4002.2581,10514.5669,1627.8,-20.6,11
195444.000,4002.2581,10514.5669,1627.8,-20.6,11
195445.000,4002.2581,10514.5669,1627.8,-20.6,11
195446.000,4002.2581,10514.5669,1627.8,-20.6,11
195449.000,4002.2581,10514.5669,1627.8,-20.6,11
195450.000,4002.2581,10514.5669,1627.8,-20.6,11
195451.000,4002.2581,10514.5669,1627.8,-20.6,11
195452.000,4002.2581,10514.5669,1627.8,-20.6,11
195453.000,4002.2581,10514.5669,1627.8,-20.6,11
000005.800,,,,,00
000006.800,,,,,00
000018.799,,,,,00
000019.799,,,,,00
000020.799,,,,,00
000021.799,,,,,00
000022.799,,,,,00
000023.799,,,,,00
000024.799,,,,,00
000025.799,,,,,00
000026.799,,,,,00
000027.799,,,,,00
000028.799,,,,,00
000029.799,,,,,00
000030.799,,,,,00
000031.799,,,,,00
000032.799,,,,,00
000033.799,,,,,00
000034.799,,,,,00
000035.799,,,,,00
000036.799,,,,,00
000037.799,,,,,00
000038.799,,,,,00
000039.799,,,,,00
000040.799,,,,,00
000041.799,,,,,00
000042.799,,,,,00
000043.799,,,,,00
000044.799,,,,,00
000045.799,,,,,00
000046.799,,,,,00
000047.799,,,,,00
000048.799,,,,,00
000049.799,,,,,00
000050.799,,,,,00
000051.799,,,,,00
000052.799,,,,,00
000053.799,,,,,00
000054.799,,,,,00
000055.799,,,,,00
000056.799,,,,,00
000057.799,,,,,00
000058.799,,,,,00
000059.799,,,,,00
000100.799,,,,,00
000101.799,,,,,00
000102.799,,,,,00
000103.799,,,,,00
000104.799,,,,,00
000105.799,,,,,00
000106.799,,,,,00
000107.799,,,,,00
000108.799,,,,,00
000109.799,,,,,00
000110.799,,,,,00
000111.799,,,,,00
000112.799,,,,,00
000113.799,,,,,00
000114.799,,,,,00
000115.799,,,,,00
000116.799,,,,,00
000117.799,,,,,00
000118.799,,,,,00
000119.799,,,,,00
000120.799,,,,,00
000121.799,,,,,00
000122.799,,,,,00
000123.799,,,,,00
000124.799,,,,,00
000125.799,,,,,00
000126.799,,,,,00
000127.799,,,,,00
000128.799,,,,,00
