194853.000,16.3204980621,16.623728019,24.0978011414,11.8996391186
194855.000,16.3654994354,16.5397254555,22.6977584155,11.8991703543
194857.000,16.4305014191,16.4377223426,22.0743018891,11.8996391186
194858.000,16.4505020295,16.3897208777,22.0477385784,11.8996391186
194901.000,16.480502945,16.2517166662,22.0430509354,11.89870159
194903.000,16.4605023347,16.1497135533,22.0477385784,11.8991703543
194905.000,16.370499588,16.083711539,22.0555513169,11.8996391186
194907.000,15.9954881436,15.9697080599,22.069614246,11.9001078829
194908.000,15.7554808191,15.921706595,22.0805520798,11.9010454115
194911.000,15.2804663228,15.8437042146,22.0852397229,11.9010454115
194913.000,14.9054548784,15.7657018342,22.0883648183,11.8991703543
194915.000,14.6854481643,15.6996998199,22.1024277474,11.8991703543
194917.000,14.2704354991,15.6156972564,22.1071153905,11.8996391186
194918.000,14.0254280221,15.5856963408,22.1133655812,11.8991703543
194920.000,13.7904208502,15.5556954253,22.1211783197,11.8996391186
194922.000,13.4304098636,15.4836932279,22.1274285104,11.9005766472
194923.000,13.2854054384,15.4476921293,22.1289910581,11.9010454115
194926.000,13.2054029969,15.3636895657,22.1258659627,11.8996391186
194928.000,13.2154033021,15.3156881008,22.1321161534,11.8991703543
194930.000,13.2754051332,15.2736868191,22.1118030335,11.8991703543
194932.000,13.4354100162,15.2316855373,22.1086779382,11.8977640614
194933.000,13.5254127628,15.1896842555,22.1055528428,11.8991703543
194935.000,13.6104153569,15.1536831568,22.1102404859,11.8972952971
194937.000,13.7454194769,15.0696805933,22.1274285104,11.8991703543
194938.000,13.7854206977,15.0396796777,22.124303415,11.8963577685
194941.000,13.8354222236,14.9796778466,22.1383663442,11.9005766472
194943.000,13.8354222236,14.9196760155,22.1352412488,11.8972952971
194945.000,13.7254188665,14.8776747337,22.1430539872,11.8977640614
194947.000,13.4704110843,14.8176729026,22.1399288919,11.8968265328
194948.000,13.3354069643,14.7936721702,22.1383663442,11.8972952971
194950.000,13.2154033021,14.7696714377,22.1383663442,11.8982328257
194952.000,13.0253975036,14.7336703391,22.1414914396,11.89870159
194953.000,12.9503952147,14.7036694235,22.149304178,11.8991703543
194956.000,12.7403888058,14.6496677755,22.1555543687,11.9001078829
194958.000,12.590384228,14.5956661275,22.1571169164,11.8991703543
195000.000,12.4953813288,14.5596650288,22.1586794641,11.8991703543
195002.000,12.3353764458,14.5236639302,22.1586794641,11.8996391186
195003.000,12.2453736991,14.4996631977,22.1618045595,11.89870159
195006.000,12.0803686636,14.4756624653,22.1602420118,11.8991703543
195008.000,11.9503646962,14.4456615497,22.1571169164,11.8991703543
195010.000,11.8553617969,14.4276610004,22.1664922025,11.8991703543
195012.000,11.7253578295,14.3976600848,22.1571169164,11.8991703543
195013.000,11.6603558458,14.3856597186,22.1571169164,11.8991703543
195016.000,11.5403521836,14.34965862,22.1696172979,11.9005766472
195018.000,11.4653498947,14.3256578875,22.1664922025,11.8991703543
195020.000,11.4103482162,14.3016571551,22.1618045595,11.8996391186
195022.000,11.3453462325,14.2716562395,22.1649296548,11.8991703543
195023.000,11.3103451643,14.2536556902,22.1680547502,11.89870159
195026.000,11.2803442488,14.2356551408,22.1618045595,11.8996391186
195028.000,11.2753440962,14.2176545915,22.1711798456,11.8991703543
195030.000,11.3053450117,14.1936538591,22.1664922025,11.89870159
195032.000,11.4453492843,14.1756533097,22.1758674886,11.9001078829
195033.000,11.5153514206,14.1696531266,22.1727423933,11.8996391186
195036.000,11.6753563036,14.1396522111,22.1711798456,11.9001078829
195038.000,11.780359508,14.1276518448,22.1711798456,11.8996391186
195040.000,11.8753624073,14.1096512955,22.1649296548,11.8996391186
195042.000,11.9903659169,14.0916507462,22.1711798456,11.8996391186
195043.000,12.0453675954,14.0736501968,22.1758674886,11.8996391186
195046.000,12.1553709525,14.0316489151,22.1602420118,11.8996391186
195048.000,12.2503738517,14.0016479995,22.1711798456,11.9001078829
195050.000,12.3603772088,13.9776472671,22.1711798456,11.8996391186
195052.000,12.455380108,13.9536465346,22.1758674886,11.8991703543
195053.000,12.505381634,13.9416461684,22.1696172979,11.8991703543
195056.000,12.6053846858,13.9116452528,22.1711798456,11.9001078829
195058.000,12.6703866695,13.8996448866,22.1774300363,11.9001078829
195100.000,12.7303885006,13.8936447035,22.1680547502,11.89870159
195102.000,12.8003906369,13.8696439711,22.1696172979,11.8968265328
195103.000,12.8353917051,13.863643788,22.1664922025,11.8958890042
195106.000,12.8653926206,13.8336428724,22.1774300363,11.8977640614
195108.000,12.8803930784,13.8156423231,22.1711798456,11.8982328257
195108.000,12.8953935362,13.7916415906,22.1743049409,11.8972952971
195110.000,12.8953935362,13.7736410413,22.1711798456,11.8968265328
195111.000,12.8903933836,13.755640492,22.1680547502,11.8977640614
195114.000,12.860392468,13.7196393933,22.1758674886,11.89870159
195116.000,12.8503921628,13.6956386608,22.1727423933,11.8982328257
195118.000,12.8403918577,13.6836382946,22.1711798456,11.8972952971
195120.000,12.8403918577,13.6596375622,22.1696172979,11.8996391186
195121.000,12.8403918577,13.6536373791,22.1696172979,11.8996391186
195124.000,12.860392468,13.6296366466,22.1774300363,11.8991703543
195126.000,12.8953935362,13.6296366466,22.1805551317,11.9001078829
195128.000,12.9603955199,13.6116360973,22.1743049409,11.9005766472
195130.000,13.0253975036,13.6056359142,22.1821176794,11.9010454115
195131.000,13.0603985717,13.593635548,22.1836802271,11.9001078829
195134.000,13.1053999451,13.5756349986,22.1680547502,11.9015141758
195136.000,13.1154002503,13.5636346324,22.1727423933,11.8991703543
195138.000,13.1154002503,13.5336337168,22.178992584,11.8963577685
195140.000,13.0653987243,13.5156331675,22.1743049409,11.89870159
195141.000,13.0103970458,13.5096329844,22.1758674886,11.8982328257
195144.000,12.910393994,13.4676317026,22.1774300363,11.89870159
195146.000,12.8553923154,13.4556313364,22.1805551317,11.8991703543
195159.000,12.5853840754,13.3536282235,22.4946272164,11.89870159
195201.000,12.5653834651,13.3596284066,22.2555574206,11.8991703543
195203.000,12.5403827021,13.3416278573,22.2149311808,11.89870159
195205.000,12.5103817866,13.3296274911,22.2118060854,11.89870159
195206.000,12.4953813288,13.3296274911,22.20868099,11.8977640614
195209.000,12.4753807184,13.323627308,22.1946180609,11.8958890042
195211.000,12.4703805658,13.323627308,22.1977431562,11.8963577685
195213.000,12.4653804132,13.3056267586,22.1930555132,11.8977640614
195215.000,12.4653804132,13.2936263924,22.1914929655,11.8958890042
195216.000,12.4703805658,13.2936263924,22.1868053224,11.89870159
195218.000,12.480380871,13.2876262093,22.1883678701,11.8972952971
195220.000,12.5153819391,13.26962566,22.178992584,11.89870159
195221.000,12.5353825495,13.2576252937,22.1805551317,11.9001078829
195224.000,12.590384228,13.2276243782,22.1852427747,11.9001078829
195226.000,12.6203851436,13.215624012,22.1836802271,11.9005766472
195228.000,12.6553862117,13.1976234626,22.1821176794,11.8991703543
195230.000,12.6803869747,13.1796229133,22.1899304178,11.9001078829
195231.000,12.6953874325,13.1736227302,22.1852427747,11.9001078829
195234.000,12.7153880428,13.1496219977,22.1774300363,11.8991703543
195236.000,12.7203881954,13.1376216315,22.1758674886,11.8977640614
195238.000,12.7453889584,13.1316214484,22.1774300363,11.8963577685
195240.000,12.7603894162,13.1196210822,22.1836802271,11.8991703543
195241.000,12.7703897214,13.1136208991,22.1821176794,11.8968265328
195244.000,12.8103909421,13.1016205329,22.1868053224,11.89870159
195246.000,12.8253913999,13.0896201666,22.1774300363,11.89870159
195248.000,12.8503921628,13.0836199835,22.1633671072,11.8991703543
195250.000,12.8703927732,13.0716196173,22.1696172979,11.8991703543
195251.000,12.8903933836,13.0656194342,22.1696172979,11.9001078829
195254.000,12.9303946043,13.0656194342,22.1805551317,11.8996391186
195256.000,12.9553953673,13.053619068,22.1711798456,11.8991703543
195258.000,13.0103970458,13.0416187017,22.1727423933,11.8991703543
195300.000,13.0403979614,13.0476188849,22.1868053224,11.8996391186
195301.000,13.0603985717,13.0356185186,22.178992584,11.8996391186
195304.000,13.1204004028,13.0236181524,22.1711798456,11.9001078829
195306.000,13.1454011658,13.0116177862,22.1680547502,11.8991703543
195308.000,13.1954026917,12.9936172369,22.1633671072,11.89870159
195310.000,13.2204034547,12.9816168706,22.1774300363,11.89870159
195311.000,13.2354039125,12.9636163213,22.1836802271,11.89870159
195314.000,13.2304037599,12.9396155889,22.1805551317,11.89870159
195316.000,13.1954026917,12.9276152226,22.1696172979,11.9005766472
195318.000,13.1254005554,12.9096146733,22.1758674886,11.9001078829
195320.000,13.1053999451,12.9096146733,22.1774300363,11.9005766472
195321.000,13.1003997925,12.9036144902,22.1899304178,11.9010454115
195324.000,13.1003997925,12.8856139409,22.1805551317,11.9001078829
195326.000,13.1003997925,12.8796137577,22.1852427747,11.9015141758
195328.000,13.130400708,12.8676133915,22.1805551317,11.8991703543
195330.000,13.155401471,12.8556130253,22.1868053224,11.8991703543
195331.000,13.1654017762,12.8616132084,22.1868053224,11.9005766472
195333.000,13.1704019288,12.8496128422,22.1727423933,11.9005766472
195335.000,13.1754020814,12.8496128422,22.1805551317,11.9010454115
195336.000,13.1704019288,12.837612476,22.178992584,11.9001078829
195339.000,13.1754020814,12.8316122929,22.1758674886,11.8996391186
195341.000,13.180402234,12.8256121097,22.1727423933,11.89870159
195343.000,13.1854023865,12.8256121097,22.1821176794,11.8963577685
195345.000,13.1954026917,12.8136117435,22.1836802271,11.8982328257
195346.000,13.1904025391,12.8256121097,22.1727423933,11.8991703543
195348.000,13.2054029969,12.8076115604,22.1946180609,11.8996391186
195350.000,13.2104031495,12.8136117435,22.1836802271,11.8996391186
195351.000,13.2354039125,12.8136117435,22.1743049409,11.9019829402
195354.000,13.265404828,12.7956111942,22.1821176794,11.8982328257
195356.000,13.265404828,12.7956111942,22.1821176794,11.8977640614
195358.000,13.2854054384,12.783610828,22.1758674886,11.8982328257
195400.000,13.290405591,12.7896110111,22.1680547502,11.9001078829
195401.000,13.290405591,12.7896110111,22.1664922025,11.8963577685
195404.000,13.3054060488,12.7716104617,22.1602420118,11.9010454115
195406.000,13.3354069643,12.7716104617,22.1664922025,11.9005766472
195408.000,13.3704080325,12.7716104617,22.1883678701,11.9001078829
195410.000,13.4054091006,12.7776106449,22.1758674886,11.9015141758
195411.000,13.450410474,12.7896110111,22.1633671072,11.9005766472
195414.000,13.450410474,12.7776106449,22.1774300363,11.9010454115
195416.000,13.4554106265,12.7656102786,22.1727423933,11.8977640614
195418.000,13.4354100162,12.7656102786,22.1680547502,11.8991703543
195420.000,13.425409711,12.7656102786,22.1805551317,11.8996391186
195421.000,13.4054091006,12.7656102786,22.1711798456,11.8996391186
195424.000,13.3954087954,12.7656102786,22.1805551317,11.8996391186
195426.000,13.4054091006,12.7776106449,22.1836802271,11.8996391186
195428.000,13.4154094058,12.783610828,22.1868053224,11.8991703543
195430.000,13.4204095584,12.7956111942,22.1602420118,11.8982328257
195431.000,13.4404101688,12.8076115604,22.1649296548,11.8977640614
195434.000,13.4704110843,12.8436126591,22.1696172979,11.9010454115
195436.000,13.4804113895,12.8616132084,22.1805551317,11.8977640614
195438.000,13.4954118473,12.8856139409,22.1805551317,11.9001078829
195440.000,13.5104123051,12.8856139409,22.1758674886,11.9024517045
195441.000,13.5104123051,12.9036144902,22.1727423933,11.8968265328
195443.000,13.5504135258,12.9216150395,22.1821176794,11.9001078829
195445.000,13.6004150517,12.9276152226,22.1727423933,11.8944827113
195446.000,13.6204156621,12.945615772,22.1680547502,11.8996391186
195449.000,13.6254158147,12.9696165044,22.1743049409,11.8996391186
195451.000,13.5704141362,12.9816168706,22.1743049409,11.8972952971
195453.000,13.4554106265,12.9876170537,22.1743049409,11.8996391186
000019.799,16.7655116428,23.4939376812,21.2539643544,11.8837011322
000021.799,16.7705117954,23.5059380474,20.3617496261,11.8837011322
000023.799,16.7655116428,23.5059380474,20.0726783044,11.8846386608
000025.799,16.7705117954,23.5179384136,19.896110416,11.8837011322
000027.799,16.7705117954,23.5239385968,19.7664189581,11.8837011322
000029.799,16.7705117954,23.5419391461,19.6789162877,11.8841698965
000031.799,16.7705117954,23.5419391461,19.6273522141,11.8841698965
000033.799,16.7655116428,23.5479393292,19.5726630451,11.8837011322
000035.799,16.7705117954,23.5539395123,19.5304742576,11.8832323679
000037.799,16.7705117954,23.5659398785,19.5023483993,11.8827636036
000039.799,16.775511948,23.5719400616,19.4585970641,11.8832323679
000041.799,16.775511948,23.5719400616,19.424221015,11.8841698965
000043.799,16.775511948,23.5839404279,19.3914075137,11.8832323679
000045.799,16.775511948,23.5839404279,19.3914075137,11.8832323679
000047.799,16.775511948,23.5839404279,19.3742194891,11.8832323679
000049.799,16.7855122532,23.589940611,19.3414059877,11.8841698965
000051.799,16.7855122532,23.589940611,19.3226554155,11.8841698965
000053.799,16.7855122532,23.589940611,19.3257805109,11.8837011322
000055.799,16.7805121006,23.6019409772,19.2898419141,11.8832323679
000057.799,16.7855122532,23.6019409772,19.3007797479,11.8832323679
000059.799,16.7855122532,23.6079411603,19.275778985,11.8837011322
000101.799,16.7855122532,23.6139413434,19.2726538896,11.8841698965
000103.799,16.7855122532,23.6139413434,19.2460905789,11.8841698965
000105.799,16.7905124058,23.6199415265,19.2617160558,11.8837011322
000107.799,16.7955125584,23.6199415265,19.2320276498,11.8837011322
000109.799,16.7955125584,23.6199415265,19.2320276498,11.8841698965
000111.799,16.7905124058,23.6319418928,19.2304651021,11.8841698965
000113.799,16.7905124058,23.6319418928,19.2117145299,11.8837011322
000115.799,16.7905124058,23.6319418928,19.2148396252,11.8837011322
000117.799,16.7905124058,23.6319418928,19.2023392438,11.8837011322
000119.799,16.7955125584,23.6379420759,19.1851512192,11.8841698965
000121.799,16.7905124058,23.6379420759,19.2023392438,11.8841698965
000123.799,16.7905124058,23.6379420759,19.1695257424,11.8841698965
000125.799,16.7905124058,23.6499424421,19.1835886715,11.8837011322
000127.799,16.7955125584,23.6499424421,19.1601504563,11.8846386608
