Date not available,16.8505142369,24.1899589221,13.1240287484,11.8808885464
Date not available,16.8555143895,24.2499607532,13.3552858058,11.8804197821
Date not available,16.8555143895,24.3399634999,12.3068163091,11.8813573107
Date not available,16.8805151524,24.5679704581,12.6458891568,11.8799510178
Date not available,16.8905154576,24.615971923,12.1474364452,11.8790134892
Date not available,16.8955156102,24.6819739372,12.2802529984,11.8799510178
Date not available,16.9055159154,24.7419757683,12.1161854915,11.8785447249
Date not available,16.9255165258,24.8139779656,12.3365047151,11.8790134892
234153.097,17.1055220191,13.107620716,22.4665013581,11.8972952971
234154.306,17.1005218665,13.107620716,22.3555604724,11.8968265328
234157.000,17.0955217139,13.0836199835,22.2649327067,11.8968265328
234158.000,17.1055220191,13.0716196173,22.2414944914,11.8968265328
234200.000,17.1005218665,13.0716196173,22.2243064669,11.8963577685
234202.000,17.1055220191,13.0596192511,22.2243064669,11.8972952971
234203.000,17.1005218665,13.0476188849,22.20868099,11.8968265328
234206.000,17.1055220191,13.0296183355,22.2055558947,11.8968265328
234208.000,17.1105221717,13.0176179693,22.1899304178,11.8968265328
234210.000,17.1155223243,13.0056176031,22.1914929655,11.8968265328
234212.000,17.1455232398,12.9756166875,22.1899304178,11.8972952971
234213.000,17.1605236976,12.9636163213,22.1774300363,11.8968265328
234215.000,17.1755241554,12.9396155889,22.1836802271,11.8982328257
234217.000,17.1905246132,12.9276152226,22.1743049409,11.8972952971
234218.000,17.2005249184,12.9036144902,22.1821176794,11.8982328257
234221.000,17.2255256813,12.8856139409,22.1696172979,11.8968265328
234223.000,17.2305258339,12.8796137577,22.1696172979,11.8972952971
234225.000,17.2405261391,12.8616132084,22.1649296548,11.8972952971
234227.000,17.2555265969,12.837612476,22.1774300363,11.8972952971
234228.000,17.2755272073,12.8316122929,22.1696172979,11.8972952971
234231.000,17.2805273598,12.8196119266,22.1696172979,11.8982328257
234233.000,17.2855275124,12.8136117435,22.1696172979,11.8972952971
234235.000,17.290527665,12.8016113773,22.1727423933,11.8972952971
234237.000,17.2955278176,12.7896110111,22.1633671072,11.8977640614
234238.000,17.315528428,12.7896110111,22.1602420118,11.8982328257
234240.000,17.3205285806,12.7776106449,22.1586794641,11.8977640614
234242.000,17.3355290384,12.7656102786,22.1618045595,11.8982328257
234243.000,17.3555296487,12.7656102786,22.1602420118,11.8982328257
234246.000,17.3755302591,12.7536099124,22.1618045595,11.8977640614
234248.000,17.3955308695,12.7356093631,22.1555543687,11.8963577685
234250.000,17.3955308695,12.7236089969,22.149304178,11.8972952971
234252.000,17.4205316324,12.7056084475,22.1524292734,11.89870159
234253.000,17.425531785,12.6996082644,22.1524292734,11.8982328257
234255.000,17.4355320902,12.6876078982,22.1524292734,11.8977640614
234257.000,17.4405322428,12.6696073489,22.1524292734,11.8982328257
234258.000,17.450532548,12.6576069826,22.149304178,11.8977640614
234301.000,17.4605328532,12.6396064333,22.1524292734,11.8977640614
234303.000,17.4605328532,12.6276060671,22.153991821,11.89870159
234305.000,17.4655330058,12.621605884,22.1461790826,11.8982328257
234307.000,17.4555327006,12.5976051515,22.1508667257,11.8982328257
234308.000,17.4605328532,12.6036053346,22.149304178,11.8982328257
234311.000,17.4705331584,12.5916049684,22.1508667257,11.8982328257
234313.000,17.4655330058,12.5736044191,22.1508667257,11.89870159
234315.000,17.4805334635,12.5796046022,22.1477416303,11.8991703543
234317.000,17.4905337687,12.5616040529,22.1430539872,11.8982328257
234318.000,17.4955339213,12.5616040529,22.1461790826,11.89870159
234321.000,17.5155345317,12.5496036866,22.1477416303,11.8982328257
234323.000,17.5305349895,12.5436035035,22.1399288919,11.8982328257
234325.000,17.5505355998,12.5436035035,22.1430539872,11.8982328257
234327.000,17.5655360576,12.5256029542,22.1461790826,11.89870159
234328.000,17.5655360576,12.5256029542,22.1430539872,11.8996391186
234331.000,17.5805365154,12.513602588,22.1430539872,11.89870159
234333.000,17.5955369732,12.5076024049,22.1414914396,11.8982328257
234335.000,17.6055372784,12.513602588,22.1414914396,11.8991703543
234337.000,17.610537431,12.4956020386,22.1414914396,11.8991703543
234338.000,17.6155375835,12.4896018555,22.1321161534,11.89870159
234341.000,17.610537431,12.4896018555,22.1430539872,11.8991703543
234343.000,17.6205377361,12.4776014893,22.1368037965,11.8991703543
234345.000,17.6205377361,12.4776014893,22.1383663442,11.8982328257
234347.000,17.6255378887,12.4656011231,22.1399288919,11.8991703543
234348.000,17.6355381939,12.4656011231,22.1383663442,11.8991703543
234351.000,17.6455384991,12.45960094,22.1414914396,11.89870159
234353.000,17.6505386517,12.4416003906,22.1414914396,11.89870159
234355.000,17.6605389569,12.4416003906,22.1399288919,11.89870159
234357.000,17.6855397198,12.4235998413,22.1352412488,11.89870159
234411.000,17.7655421613,12.351597644,22.2977462081,11.8991703543
234413.000,17.7805426191,12.3455974609,22.2071184423,11.8996391186
234415.000,17.7905429243,12.3455974609,22.1821176794,11.89870159
234417.000,17.8055433821,12.3335970946,22.1571169164,11.8991703543
234418.000,17.8105435347,12.3215967284,22.1649296548,11.89870159
234421.000,17.830544145,12.3155965453,22.149304178,11.8996391186
234423.000,17.8355442976,12.3035961791,22.153991821,11.8991703543
234425.000,17.8355442976,12.3035961791,22.1461790826,11.8996391186
234427.000,17.8355442976,12.3035961791,22.1414914396,11.8996391186
234428.000,17.8355442976,12.2915958129,22.149304178,11.8991703543
234431.000,17.8355442976,12.297595996,22.1446165349,11.8991703543
234433.000,17.8355442976,12.2915958129,22.1352412488,11.89870159
234435.000,17.8355442976,12.2855956297,22.1414914396,11.8991703543
234437.000,17.8355442976,12.2735952635,22.1321161534,11.89870159
234438.000,17.8405444502,12.2795954466,22.1321161534,11.8977640614
234440.000,17.8405444502,12.2795954466,22.1399288919,11.8982328257
234442.000,17.8455446028,12.2675950804,22.1289910581,11.8972952971
234443.000,17.8455446028,12.2675950804,22.1274285104,11.8977640614
234446.000,17.8505447554,12.2555947142,22.1305536058,11.8954202399
234448.000,17.855544908,12.2555947142,22.1274285104,11.8954202399
234450.000,17.855544908,12.2555947142,22.1352412488,11.8982328257
234452.000,17.855544908,12.2495945311,22.1321161534,11.8982328257
234453.000,17.8505447554,12.2495945311,22.1352412488,11.89870159
234456.000,17.8505447554,12.2375941649,22.1383663442,11.8982328257
234458.000,17.8405444502,12.2375941649,22.1321161534,11.8991703543
234500.000,17.830544145,12.2375941649,22.1258659627,11.89870159
234502.000,17.830544145,12.2315939817,22.1321161534,11.8991703543
234503.000,17.8255439924,12.2255937986,22.1289910581,11.89870159
234505.000,17.8205438398,12.2255937986,22.1305536058,11.89870159
234507.000,17.8155436872,12.2255937986,22.1289910581,11.8977640614
234508.000,17.8105435347,12.2315939817,22.1352412488,11.8982328257
234511.000,17.8105435347,12.2195936155,22.1321161534,11.8982328257
234513.000,17.8055433821,12.2195936155,22.124303415,11.8982328257
234515.000,17.8055433821,12.2195936155,22.1289910581,11.89870159
234517.000,17.8055433821,12.2195936155,22.1321161534,11.8982328257
234518.000,17.8055433821,12.2195936155,22.1258659627,11.8982328257
234521.000,17.8005432295,12.2075932493,22.1211783197,11.8977640614
234523.000,17.8005432295,12.2075932493,22.1274285104,11.8982328257
234525.000,17.8055433821,12.2075932493,22.1258659627,11.8982328257
234527.000,17.8055433821,12.2075932493,22.1289910581,11.8982328257
234528.000,17.8055433821,12.2075932493,22.1305536058,11.8982328257
234531.000,17.8105435347,12.2015930662,22.1336787011,11.8982328257
234533.000,17.8105435347,12.1955928831,22.1211783197,11.8977640614
234535.000,17.8155436872,12.1955928831,22.1180532243,11.8972952971
234537.000,17.8155436872,12.1895927,22.124303415,11.8982328257
234538.000,17.8205438398,12.1895927,22.1258659627,11.8972952971
234541.000,17.8205438398,12.1895927,22.1180532243,11.8977640614
234543.000,17.8205438398,12.1895927,22.1149281289,11.8982328257
234545.000,17.8205438398,12.1895927,22.1274285104,11.89870159
234547.000,17.830544145,12.1775923338,22.124303415,11.8982328257
234548.000,17.830544145,12.1835925169,22.1180532243,11.8982328257
234551.000,17.8455446028,12.1835925169,22.1149281289,11.8977640614
234553.000,17.855544908,12.1715921506,22.1305536058,11.8982328257
234555.000,17.855544908,12.1715921506,22.1289910581,11.89870159
234557.000,17.8605450606,12.1715921506,22.1211783197,11.8982328257
234558.000,17.8605450606,12.1655919675,22.119615772,11.8977640614
234601.000,17.8705453658,12.1595917844,22.1274285104,11.8977640614
234603.000,17.8805456709,12.1475914182,22.1227408673,11.8982328257
234605.000,17.8955461287,12.1535916013,22.124303415,11.89870159
234607.000,17.8955461287,12.1535916013,22.1321161534,11.8982328257
234608.000,17.8905459761,12.1475914182,22.1289910581,11.8982328257
234611.000,17.9005462813,12.1415912351,22.1274285104,11.8982328257
234613.000,17.9055464339,12.135591052,22.1305536058,11.89870159
234615.000,17.9205468917,12.135591052,22.1274285104,11.8982328257
234617.000,17.9255470443,12.1295908689,22.124303415,11.8982328257
234631.000,18.0455507065,12.1055901364,22.3243095187,11.89870159
234633.000,18.0705514695,12.0935897702,22.2274315622,11.89870159
234635.000,18.1155528428,12.0935897702,22.178992584,11.8977640614
234637.000,18.1455537584,12.0935897702,22.1618045595,11.8982328257
234638.000,18.1555540635,12.0875895871,22.1633671072,11.89870159
234641.000,18.1655543687,12.0755892209,22.149304178,11.89870159
234643.000,18.1655543687,12.0755892209,22.1461790826,11.89870159
234645.000,18.1655543687,12.0755892209,22.1446165349,11.8982328257
234647.000,18.1655543687,12.0695890378,22.1446165349,11.89870159
234648.000,18.1655543687,12.0695890378,22.1446165349,11.89870159
234651.000,18.1505539109,12.0575886715,22.1430539872,11.8991703543
234653.000,18.1505539109,12.0575886715,22.1414914396,11.8982328257
234655.000,18.1405536058,12.0575886715,22.1430539872,11.89870159
234657.000,18.1355534532,12.0515884884,22.1446165349,11.89870159
234658.000,18.1355534532,12.0455883053,22.1368037965,11.8982328257
234701.000,18.1355534532,12.0395881222,22.1461790826,11.8991703543
234703.000,18.1455537584,12.0335879391,22.1446165349,11.89870159
234705.000,18.125553148,12.0395881222,22.1477416303,11.89870159
234707.000,18.125553148,12.027587756,22.1383663442,11.8982328257
234708.000,18.125553148,12.027587756,22.1461790826,11.8991703543
234711.000,18.125553148,12.027587756,22.1399288919,11.8991703543
234713.000,18.1305533006,12.027587756,22.1414914396,11.89870159
234715.000,18.1205529954,12.027587756,22.1399288919,11.8991703543
234717.000,18.1205529954,12.0155873898,22.1399288919,11.8996391186
234718.000,18.125553148,12.0155873898,22.1368037965,11.8991703543
234721.000,18.1355534532,12.0155873898,22.1414914396,11.8996391186
234723.000,18.1405536058,12.027587756,22.1399288919,11.8991703543
234725.000,18.1355534532,12.0095872066,22.1414914396,11.8991703543
234727.000,18.1355534532,12.0095872066,22.1368037965,11.89870159
234728.000,18.1355534532,12.0095872066,22.1321161534,11.89870159
234731.000,18.125553148,11.9975868404,22.1305536058,11.8982328257
234733.000,18.1205529954,12.0035870235,22.1274285104,11.89870159
234735.000,18.1105526902,11.9975868404,22.1352412488,11.89870159
234737.000,18.0905520798,11.9975868404,22.1399288919,11.8991703543
234738.000,18.0805517747,11.9975868404,22.1399288919,11.8991703543
234741.000,18.0555510117,11.9915866573,22.1321161534,11.8991703543
234743.000,18.0455507065,11.9915866573,22.1414914396,11.9001078829
234745.000,18.0405505539,11.9855864742,22.1321161534,11.89870159
234747.000,18.0355504013,11.9855864742,22.1289910581,11.8991703543
234748.000,18.0405505539,11.9915866573,22.1274285104,11.8991703543
234751.000,18.0405505539,11.9795862911,22.1352412488,11.8996391186
234753.000,18.0405505539,11.9795862911,22.1305536058,11.8996391186
234755.000,18.0805517747,11.9795862911,22.1321161534,11.8996391186
234757.000,18.100552385,11.9795862911,22.1414914396,11.8996391186
234758.000,18.1055525376,11.9795862911,22.1383663442,11.8991703543
234800.000,18.1205529954,11.9795862911,22.1336787011,11.8991703543
234802.000,18.1205529954,11.9795862911,22.1399288919,11.8996391186
234803.000,18.1205529954,11.9795862911,22.1414914396,11.9001078829
234805.000,18.1205529954,11.9795862911,22.1383663442,11.8996391186
234807.000,18.1205529954,11.9675859249,22.1305536058,11.8996391186
234808.000,18.1205529954,11.9675859249,22.1383663442,11.8996391186
234811.000,18.1205529954,11.9675859249,22.1399288919,11.8996391186
234813.000,18.1205529954,11.9675859249,22.1368037965,11.8991703543
234815.000,18.1205529954,11.9675859249,22.1368037965,11.9005766472
234817.000,18.1155528428,11.973586108,22.1414914396,11.9010454115
234818.000,18.1105526902,11.9675859249,22.1368037965,11.9001078829
234821.000,18.0955522324,11.973586108,22.1336787011,11.8991703543
234823.000,18.0955522324,11.9675859249,22.1383663442,11.8991703543
234825.000,18.0855519272,11.9615857418,22.1368037965,11.8991703543
234827.000,18.0855519272,11.9555855586,22.1289910581,11.89870159
234828.000,18.0855519272,11.9615857418,22.1258659627,11.8991703543
234830.000,18.0855519272,11.9615857418,22.124303415,11.8996391186
234832.000,18.0855519272,11.9615857418,22.1289910581,11.89870159
234833.000,18.0855519272,11.9555855586,22.1258659627,11.8991703543
234836.000,18.0655513169,11.9615857418,22.124303415,11.89870159
234850.000,18.0105496384,11.9615857418,22.288370922,11.8996391186
234852.000,18.0155497909,11.9615857418,22.1961806085,11.9001078829
234853.000,18.0155497909,11.9555855586,22.1680547502,11.8991703543
234856.000,18.0305502487,11.9615857418,22.1508667257,11.8991703543
234858.000,18.0305502487,11.9615857418,22.149304178,11.8991703543
234900.000,18.0305502487,11.9615857418,22.1508667257,11.8996391186
234902.000,18.0405505539,11.9615857418,22.1446165349,11.8996391186
234903.000,18.0455507065,11.9615857418,22.1336787011,11.8996391186
234906.000,18.0855519272,11.973586108,22.1368037965,11.8996391186
234908.000,18.0855519272,11.9675859249,22.1430539872,11.9005766472
234910.000,18.0955522324,11.973586108,22.1383663442,11.9001078829
234912.000,18.0955522324,11.9795862911,22.1274285104,11.8996391186
234913.000,18.100552385,11.9795862911,22.1399288919,11.9005766472
234916.000,18.0955522324,11.9675859249,22.1461790826,11.9005766472
234918.000,18.1055525376,11.973586108,22.1399288919,11.8996391186
234920.000,18.1055525376,11.9675859249,22.1289910581,11.8991703543
234922.000,18.1105526902,11.9795862911,22.1414914396,11.9005766472
234923.000,18.1205529954,11.973586108,22.1446165349,11.9005766472
234926.000,18.1155528428,11.973586108,22.1289910581,11.8996391186
234928.000,18.1205529954,11.9675859249,22.1289910581,11.8996391186
234930.000,18.1205529954,11.973586108,22.1289910581,11.8996391186
234932.000,18.1205529954,11.973586108,22.1258659627,11.8996391186
234933.000,18.1305533006,11.9795862911,22.1321161534,11.8996391186
234935.000,18.1355534532,11.9675859249,22.1399288919,11.9001078829
234937.000,18.1455537584,11.9675859249,22.1352412488,11.9001078829
234938.000,18.1505539109,11.9675859249,22.1289910581,11.8996391186
234941.000,18.1505539109,11.973586108,22.1414914396,11.9005766472
234943.000,18.1505539109,11.9675859249,22.1430539872,11.9005766472
234945.000,18.1555540635,11.9675859249,22.1383663442,11.9005766472
234947.000,18.1605542161,11.973586108,22.1430539872,11.9005766472
234948.000,18.1605542161,11.973586108,22.1321161534,11.8996391186
234951.000,18.1605542161,11.9675859249,22.1399288919,11.9005766472
234953.000,18.1605542161,11.9675859249,22.1414914396,11.9001078829
234955.000,18.1605542161,11.973586108,22.1368037965,11.9001078829
234957.000,18.1605542161,11.9675859249,22.1368037965,11.9001078829
234958.000,18.1755546739,11.9675859249,22.1414914396,11.9005766472
235001.000,18.2055555895,11.973586108,22.1336787011,11.8991703543
235003.000,18.2155558947,11.9675859249,22.1430539872,11.9005766472
235005.000,18.2205560472,11.9675859249,22.1336787011,11.8996391186
235007.000,18.2255561998,11.9615857418,22.1430539872,11.9001078829
235008.000,18.2305563524,11.9615857418,22.1289910581,11.8991703543
235011.000,18.2405566576,11.9615857418,22.1289910581,11.8996391186
235013.000,18.2405566576,11.9615857418,22.1305536058,11.8991703543
235015.000,18.2505569628,11.9615857418,22.1289910581,11.8996391186
235017.000,18.2555571154,11.9615857418,22.1352412488,11.9001078829
235018.000,18.2555571154,11.9615857418,22.1430539872,11.9005766472
235021.000,18.2555571154,11.9615857418,22.1461790826,11.9005766472
235023.000,18.2655574206,11.9495853755,22.1289910581,11.8996391186
235025.000,18.2805578784,11.9495853755,22.1305536058,11.8991703543
235027.000,18.2855580309,11.9495853755,22.1430539872,11.9001078829
235028.000,18.2955583361,11.9495853755,22.1446165349,11.9001078829
235031.000,18.3055586413,11.9495853755,22.1336787011,11.8996391186
235033.000,18.3205590991,11.9555855586,22.1336787011,11.8996391186
235035.000,18.3305594043,11.9555855586,22.1477416303,11.9001078829
235037.000,18.3305594043,11.9495853755,22.1430539872,11.8996391186
235038.000,18.3305594043,11.9555855586,22.1461790826,11.9001078829
235041.000,18.3405597095,11.9495853755,22.1461790826,11.9001078829
235043.000,18.3455598621,11.9495853755,22.1430539872,11.8996391186
235045.000,18.3755607776,11.9435851924,22.1321161534,11.8996391186
235047.000,18.3855610828,11.9435851924,22.1352412488,11.9001078829
235048.000,18.4005615406,11.9375850093,22.1383663442,11.8996391186
235051.000,18.4105618458,11.9375850093,22.1321161534,11.8982328257
235053.000,18.4055616932,11.9435851924,22.1336787011,11.89870159
235055.000,18.4155619984,11.9435851924,22.1321161534,11.8991703543
235057.000,18.4155619984,11.9435851924,22.1414914396,11.8996391186
